File Name:	PS-FAA_N2_60K_20251209.txt	Version: 8.4.0.5						
Date:	09 Dec 2025							
Operator:	De Lannoye							
Test ID:	PS-FAA_N2_60K_20251209							
Sample ID:	PS-FAA							
Sample Mass (mg):	3.5540							
Sample Cup Mass (mg):	173.3800							
End Total Mass (mg):								
Heating Rate (C/s):	1.0000							
Combuster Temperature (C):	900.0							
N2 Flow Rate (cc/min):	80.0							
O2 Flow Rate (cc/min):	20.0							
Calibration File:	Coeff_60K_20250923.txt							
T Correction Coefficients:	-0.805800000	0.008400000	0.000000000					
Time Shift (s):	15.0							
Pre-Test Comments:	First test of the day. 							
Post-Test Comments:								
Baseline Flow:	99.958							
Baseline O2:	19.861							
Instrument ID:								
@								
Time (s)	Temperature (C)	N2 Flow (cc/min)	O2 Flow (cc/min)	Total Flow (cc/min)	Oxygen (%) (P)	HRR (W/g)	Heating Rate (C/s)	Combustor Temp (C)
0.000	75.282	80.017	19.995	99.958	19.794	-8.882	0.017	900.759
0.500	75.302	80.018	19.994	99.949	19.778	-9.252	0.047	900.788
1.000	75.289	80.017	19.994	99.943	19.765	-10.425	0.007	900.790
1.500	75.305	80.019	19.993	99.970	19.756	-12.320	0.003	900.788
2.000	75.300	80.019	19.994	100.049	19.747	-14.265	0.011	900.771
2.500	75.324	80.021	19.995	100.170	19.739	-16.077	0.019	900.826
3.000	75.385	80.020	19.994	100.322	19.732	-17.123	0.085	900.810
3.500	75.397	80.020	19.994	100.486	19.728	-17.673	0.073	900.846
4.000	75.415	80.016	19.995	100.630	19.725	-17.597	0.030	900.827
4.500	75.484	80.021	19.995	100.729	19.722	-16.953	0.087	900.833
5.000	75.524	80.018	19.995	100.792	19.720	-16.314	0.108	900.884
5.500	75.582	80.019	19.995	100.834	19.720	-15.753	0.098	900.855
6.000	75.655	80.018	19.994	100.861	19.719	-15.013	0.131	900.858
6.500	75.734	80.020	19.993	100.880	19.717	-14.257	0.151	900.882
7.000	75.822	80.020	19.995	100.893	19.714	-13.364	0.167	900.879
7.500	75.899	80.019	19.993	100.901	19.709	-12.362	0.165	900.892
8.000	75.982	80.020	19.994	100.903	19.698	-10.786	0.160	900.917
8.500	76.101	80.020	19.994	100.904	19.680	-8.637	0.203	900.911
9.000	76.202	80.020	19.994	100.904	19.659	-6.190	0.220	900.944
9.500	76.313	80.018	19.994	100.903	19.635	-3.607	0.212	900.934
10.000	76.422	80.021	19.995	100.904	19.612	-0.965	0.220	900.927
10.500	76.523	80.020	19.993	100.903	19.592	1.398	0.210	900.957
11.000	76.690	80.022	19.994	100.904	19.576	3.313	0.268	900.905
11.500	76.759	80.021	19.995	100.905	19.564	4.925	0.235	900.971
12.000	76.899	80.021	19.994	100.924	19.556	6.095	0.209	901.010
12.500	77.029	80.018	19.995	100.994	19.552	6.952	0.271	900.981
13.000	77.258	80.020	19.995	101.124	19.551	7.445	0.359	900.973
13.500	77.410	80.019	19.995	101.299	19.553	7.689	0.381	901.002
14.000	77.621	80.020	19.994	101.501	19.554	8.051	0.363	900.987
14.500	77.804	80.020	19.995	101.688	19.557	8.133	0.393	901.041
15.000	78.057	80.018	19.996	101.821	19.563	8.085	0.436	901.009
15.500	78.335	80.020	19.993	101.888	19.571	7.754	0.532	901.049
16.000	78.570	80.019	19.994	101.907	19.575	7.683	0.512	900.996
16.500	78.875	80.016	19.994	101.892	19.582	7.443	0.539	901.048
17.000	79.132	80.019	19.993	101.865	19.588	7.293	0.562	901.066
17.500	79.434	80.020	19.993	101.828	19.593	7.181	0.559	901.049
18.000	79.748	80.020	19.994	101.793	19.599	6.956	0.616	901.052
18.500	80.069	80.019	19.994	101.752	19.607	6.647	0.636	901.060
19.000	80.430	80.021	19.994	101.711	19.613	6.496	0.682	901.078
19.500	80.753	80.021	19.993	101.675	19.620	6.171	0.683	901.061
20.000	81.108	80.020	19.995	101.642	19.626	5.861	0.677	901.076
20.500	81.486	80.022	19.995	101.605	19.632	5.632	0.734	901.128
21.000	81.875	80.021	19.996	101.570	19.636	5.505	0.767	901.095
21.500	82.272	80.020	19.995	101.535	19.642	5.207	0.786	901.127
22.000	82.688	80.019	19.995	101.499	19.649	4.779	0.813	901.116
22.500	83.065	80.020	19.995	101.463	19.652	4.677	0.792	901.099
23.000	83.499	80.018	19.995	101.428	19.657	4.486	0.811	901.144
23.500	83.918	80.021	19.994	101.394	19.664	4.067	0.853	901.126
24.000	84.357	80.020	19.995	101.361	19.666	4.004	0.859	901.149
24.500	84.804	80.024	19.993	101.331	19.671	3.685	0.887	901.167
25.000	85.267	80.022	19.994	101.303	19.676	3.394	0.910	901.192
25.500	85.702	80.021	19.993	101.279	19.680	3.274	0.898	901.195
26.000	86.171	80.019	19.994	101.253	19.683	3.064	0.904	901.243
26.500	86.613	80.017	19.994	101.225	19.687	2.866	0.910	901.223
27.000	87.111	80.019	19.994	101.198	19.692	2.548	0.940	901.175
27.500	87.612	80.021	19.993	101.172	19.694	2.559	1.000	901.257
28.000	88.109	80.021	19.994	101.151	19.697	2.367	0.999	901.265
28.500	88.575	80.015	19.994	101.132	19.701	2.131	0.963	901.242
29.000	89.060	80.018	19.995	101.113	19.705	1.921	0.950	901.244
29.500	89.565	80.020	19.993	101.089	19.708	1.742	0.990	901.240
30.000	90.058	80.018	19.993	101.066	19.709	1.619	0.999	901.270
30.500	90.566	80.020	19.992	101.042	19.711	1.358	1.001	901.269
31.000	91.123	80.016	19.994	101.020	19.713	1.228	1.064	901.267
31.500	91.587	80.019	19.993	101.000	19.717	0.939	1.020	901.294
32.000	92.131	80.018	19.994	100.983	19.719	0.785	1.007	901.305
32.500	92.601	80.019	19.995	100.971	19.723	0.442	1.015	901.326
33.000	93.152	80.019	19.993	100.952	19.723	0.558	1.022	901.319
33.500	93.687	80.020	19.995	100.936	19.727	0.439	1.086	901.342
34.000	94.210	80.020	19.995	100.923	19.728	0.383	1.057	901.353
34.500	94.742	80.019	19.993	100.913	19.730	0.320	1.055	901.333
35.000	95.255	80.018	19.994	100.899	19.733	0.191	1.044	901.349
35.500	95.791	80.019	19.994	100.890	19.735	0.112	1.049	901.374
36.000	96.318	80.020	19.992	100.878	19.738	-0.046	1.063	901.381
36.500	96.848	80.020	19.994	100.869	19.738	0.070	1.056	901.392
37.000	97.391	80.018	19.993	100.862	19.741	-0.002	1.073	901.376
37.500	97.943	80.016	19.995	100.851	19.742	0.021	1.095	901.399
38.000	98.465	80.015	19.995	100.842	19.745	-0.192	1.074	901.411
38.500	99.026	80.018	19.994	100.836	19.746	-0.197	1.083	901.384
39.000	99.551	80.018	19.994	100.828	19.747	-0.241	1.088	901.400
39.500	100.113	80.019	19.994	100.818	19.748	-0.334	1.088	901.408
40.000	100.646	80.019	19.993	100.811	19.750	-0.497	1.094	901.422
40.500	101.176	80.018	19.993	100.805	19.752	-0.661	1.062	901.449
41.000	101.718	80.019	19.993	100.798	19.753	-0.731	1.071	901.426
41.500	102.283	80.020	19.993	100.790	19.755	-0.800	1.107	901.422
42.000	102.825	80.018	19.994	100.785	19.755	-0.848	1.107	901.477
42.500	103.390	80.019	19.993	100.789	19.757	-1.021	1.108	901.418
43.000	103.908	80.021	19.993	100.793	19.757	-0.930	1.084	901.506
43.500	104.442	80.020	19.994	100.791	19.758	-0.944	1.051	901.468
44.000	105.012	80.017	19.996	100.791	19.757	-0.700	1.105	901.472
44.500	105.566	80.020	19.993	100.787	19.759	-0.819	1.125	901.500
45.000	106.110	80.019	19.994	100.779	19.759	-0.762	1.097	901.520
45.500	106.635	80.018	19.993	100.773	19.760	-0.806	1.068	901.517
46.000	107.181	80.021	19.995	100.765	19.761	-0.795	1.071	901.514
46.500	107.731	80.022	19.993	100.757	19.761	-0.825	1.096	901.528
47.000	108.307	80.018	19.995	100.751	19.762	-0.935	1.127	901.548
47.500	108.852	80.018	19.995	100.744	19.762	-1.022	1.122	901.535
48.000	109.387	80.021	19.993	100.737	19.762	-0.975	1.079	901.542
48.500	109.929	80.020	19.993	100.731	19.762	-0.917	1.077	901.539
49.000	110.449	80.019	19.995	100.724	19.764	-0.972	1.062	901.555
49.500	111.057	80.021	19.994	100.714	19.763	-0.869	1.127	901.590
50.000	111.591	80.018	19.994	100.705	19.764	-1.061	1.142	901.581
50.500	112.136	80.021	19.993	100.699	19.763	-0.942	1.080	901.570
51.000	112.665	80.018	19.993	100.700	19.764	-1.007	1.074	901.541
51.500	113.202	80.016	19.996	100.698	19.765	-1.116	1.066	901.590
52.000	113.755	80.020	19.994	100.698	19.766	-1.195	1.089	901.628
52.500	114.298	80.017	19.994	100.699	19.767	-1.414	1.094	901.606
53.000	114.820	80.020	19.994	100.697	19.767	-1.479	1.066	901.622
53.500	115.396	80.021	19.994	100.692	19.770	-1.757	1.098	901.620
54.000	115.965	80.021	19.996	100.691	19.767	-1.522	1.144	901.631
54.500	116.493	80.019	19.995	100.692	19.766	-1.494	1.098	901.641
55.000	117.049	80.013	19.995	100.690	19.767	-1.501	1.084	901.673
55.500	117.572	80.016	19.994	100.688	19.767	-1.384	1.078	901.691
56.000	118.110	80.018	19.995	100.678	19.768	-1.353	1.062	901.658
56.500	118.660	80.024	19.995	100.672	19.769	-1.301	1.089	901.678
57.000	119.228	80.020	19.995	100.664	19.768	-1.211	1.117	901.689
57.500	119.746	80.019	19.994	100.660	19.767	-1.174	1.086	901.707
58.000	120.279	80.021	19.995	100.658	19.768	-1.272	1.051	901.692
58.500	120.840	80.022	19.994	100.660	19.767	-1.201	1.092	901.690
59.000	121.388	80.023	19.994	100.661	19.770	-1.436	1.108	901.736
59.500	121.933	80.020	19.993	100.663	19.770	-1.427	1.094	901.738
60.000	122.462	80.023	19.995	100.663	19.769	-1.332	1.074	901.737
60.500	122.974	80.020	19.994	100.658	19.768	-1.236	1.040	901.748
61.000	123.528	80.019	19.995	100.656	19.770	-1.375	1.066	901.711
61.500	124.063	80.023	19.993	100.653	19.771	-1.421	1.089	901.756
62.000	124.610	80.022	19.994	100.651	19.769	-1.255	1.082	901.755
62.500	125.129	80.023	19.994	100.651	19.770	-1.247	1.067	901.765
63.000	125.648	80.019	19.994	100.653	19.770	-1.259	1.038	901.713
63.500	126.199	80.020	19.994	100.654	19.771	-1.395	1.071	901.775
64.000	126.725	80.021	19.993	100.655	19.772	-1.484	1.077	901.752
64.500	127.275	80.021	19.993	100.658	19.773	-1.422	1.074	901.761
65.000	127.825	80.022	19.993	100.661	19.772	-1.236	1.099	901.804
65.500	128.342	80.019	19.993	100.666	19.770	-1.074	1.067	901.821
66.000	128.887	80.019	19.994	100.673	19.773	-1.146	1.062	901.809
66.500	129.389	80.021	19.992	100.675	19.772	-0.953	1.048	901.813
67.000	129.961	80.018	19.994	100.672	19.772	-0.982	1.075	901.789
67.500	130.470	80.020	19.995	100.663	19.771	-0.859	1.082	901.815
68.000	131.000	80.017	19.995	100.655	19.774	-1.154	1.039	901.822
68.500	131.545	80.020	19.995	100.647	19.773	-1.106	1.074	901.827
69.000	132.057	80.022	19.994	100.645	19.774	-1.192	1.056	901.838
69.500	132.600	80.019	19.994	100.644	19.775	-1.315	1.055	901.831
70.000	133.133	80.021	19.995	100.646	19.772	-1.072	1.078	901.844
70.500	133.672	80.019	19.995	100.646	19.773	-1.142	1.072	901.821
71.000	134.194	80.021	19.995	100.647	19.773	-1.187	1.060	901.841
71.500	134.741	80.020	19.994	100.648	19.775	-1.308	1.068	901.880
72.000	135.229	80.017	19.994	100.649	19.773	-1.159	1.036	901.854
72.500	135.809	80.016	19.995	100.648	19.773	-1.155	1.069	901.876
73.000	136.307	80.020	19.994	100.646	19.775	-1.243	1.078	901.890
73.500	136.828	80.020	19.992	100.643	19.774	-1.127	1.019	901.893
74.000	137.344	80.019	19.993	100.642	19.775	-1.199	1.036	901.860
74.500	137.900	80.019	19.994	100.638	19.775	-1.232	1.071	901.882
75.000	138.428	80.019	19.993	100.635	19.777	-1.372	1.085	901.886
75.500	138.947	80.023	19.993	100.637	19.776	-1.312	1.048	901.846
76.000	139.498	80.022	19.992	100.639	19.776	-1.329	1.070	901.911
76.500	140.043	80.018	19.992	100.635	19.776	-1.385	1.096	901.910
77.000	140.555	80.020	19.994	100.631	19.778	-1.559	1.057	901.908
77.500	141.069	80.018	19.995	100.626	19.778	-1.494	1.025	901.924
78.000	141.592	80.021	19.993	100.618	19.776	-1.349	1.037	901.956
78.500	142.112	80.019	19.994	100.609	19.777	-1.404	1.044	901.909
79.000	142.649	80.018	19.994	100.605	19.776	-1.294	1.058	901.926
79.500	143.174	80.019	19.994	100.606	19.777	-1.316	1.062	901.926
80.000	143.709	80.019	19.994	100.607	19.777	-1.361	1.060	901.926
80.500	144.217	80.015	19.994	100.610	19.778	-1.416	1.043	901.935
81.000	144.744	80.018	19.995	100.611	19.779	-1.505	1.035	901.944
81.500	145.238	80.020	19.993	100.612	19.779	-1.482	1.021	901.950
82.000	145.798	80.019	19.992	100.612	19.780	-1.592	1.054	901.978
82.500	146.305	80.020	19.994	100.611	19.779	-1.561	1.067	901.963
83.000	146.829	80.021	19.995	100.612	19.779	-1.520	1.030	902.009
83.500	147.358	80.018	19.995	100.614	19.779	-1.546	1.053	901.949
84.000	147.864	80.019	19.995	100.615	19.777	-1.425	1.034	901.977
84.500	148.401	80.019	19.995	100.614	19.777	-1.356	1.043	902.021
85.000	148.877	80.019	19.996	100.612	19.778	-1.517	1.013	901.994
85.500	149.411	80.016	19.994	100.610	19.778	-1.455	1.010	901.968
86.000	149.946	80.017	19.996	100.607	19.777	-1.431	1.069	902.052
86.500	150.448	80.017	19.994	100.606	19.778	-1.410	1.038	902.017
87.000	150.992	80.018	19.994	100.607	19.778	-1.450	1.047	902.022
87.500	151.484	80.020	19.993	100.608	19.779	-1.509	1.036	902.060
88.000	152.016	80.020	19.993	100.609	19.779	-1.517	1.024	902.005
88.500	152.568	80.020	19.993	100.612	19.779	-1.462	1.085	902.039
89.000	153.041	80.021	19.995	100.612	19.780	-1.575	1.025	902.049
89.500	153.576	80.019	19.994	100.611	19.780	-1.502	1.008	902.079
90.000	154.079	80.020	19.995	100.609	19.779	-1.431	1.039	902.054
90.500	154.593	80.019	19.995	100.607	19.778	-1.341	1.017	902.059
91.000	155.129	80.019	19.995	100.604	19.780	-1.409	1.049	902.037
91.500	155.641	80.019	19.995	100.604	19.779	-1.322	1.048	902.015
92.000	156.130	80.020	19.994	100.603	19.777	-1.169	1.001	902.052
92.500	156.656	80.019	19.994	100.603	19.779	-1.322	1.015	902.045
93.000	157.161	80.016	19.994	100.604	19.779	-1.280	1.030	902.042
93.500	157.671	80.020	19.992	100.604	19.780	-1.474	1.014	902.029
94.000	158.196	80.019	19.993	100.603	19.780	-1.508	1.036	902.101
94.500	158.697	80.020	19.994	100.603	19.781	-1.613	1.026	902.078
95.000	159.199	80.018	19.993	100.605	19.780	-1.458	1.003	902.108
95.500	159.733	80.024	19.993	100.605	19.782	-1.575	1.036	902.098
96.000	160.262	80.018	19.995	100.607	19.782	-1.452	1.062	902.082
96.500	160.776	80.018	19.994	100.607	19.781	-1.276	1.042	902.102
97.000	161.280	80.020	19.995	100.608	19.781	-1.154	1.019	902.072
97.500	161.776	80.020	19.993	100.607	19.781	-1.109	1.000	902.102
98.000	162.300	80.015	19.994	100.607	19.782	-1.148	1.020	902.098
98.500	162.811	80.021	19.994	100.606	19.782	-1.137	1.035	902.123
99.000	163.341	80.021	19.993	100.605	19.782	-1.144	1.042	902.127
99.500	163.841	80.017	19.994	100.605	19.782	-1.189	1.030	902.131
100.000	164.340	80.020	19.993	100.603	19.784	-1.341	0.998	902.111
100.500	164.885	80.019	19.993	100.602	19.782	-1.194	1.044	902.116
101.000	165.372	80.022	19.993	100.600	19.782	-1.192	1.032	902.108
101.500	165.919	80.020	19.994	100.599	19.784	-1.296	1.033	902.112
102.000	166.388	80.018	19.993	100.598	19.782	-1.178	1.016	902.127
102.500	166.913	80.021	19.993	100.598	19.784	-1.373	0.995	902.140
103.000	167.423	80.021	19.993	100.594	19.783	-1.236	1.036	902.161
103.500	167.918	80.024	19.993	100.594	19.783	-1.266	1.005	902.162
104.000	168.443	80.019	19.993	100.592	19.785	-1.419	1.020	902.168
104.500	168.935	80.023	19.993	100.592	19.783	-1.242	1.016	902.146
105.000	169.472	80.021	19.994	100.590	19.782	-1.173	1.028	902.168
105.500	169.963	80.018	19.993	100.592	19.783	-1.186	1.028	902.166
106.000	170.473	80.023	19.993	100.595	19.784	-1.338	1.001	902.177
106.500	170.993	80.020	19.993	100.598	19.783	-1.251	1.030	902.191
107.000	171.515	80.016	19.992	100.597	19.784	-1.331	1.043	902.172
107.500	171.995	80.019	19.995	100.594	19.785	-1.361	1.003	902.175
108.000	172.544	80.019	19.994	100.588	19.785	-1.401	1.029	902.202
108.500	173.064	80.018	19.994	100.580	19.783	-1.210	1.068	902.239
109.000	173.552	80.020	19.994	100.572	19.786	-1.446	1.007	902.209
109.500	174.065	80.018	19.995	100.566	19.785	-1.432	1.001	902.215
110.000	174.582	80.017	19.994	100.564	19.785	-1.415	1.030	902.214
110.500	175.070	80.018	19.995	100.563	19.785	-1.390	1.004	902.190
111.000	175.607	80.015	19.994	100.564	19.787	-1.503	1.026	902.172
111.500	176.095	80.014	19.996	100.565	19.786	-1.450	1.026	902.207
112.000	176.664	80.018	19.995	100.565	19.788	-1.599	1.056	902.219
112.500	177.133	80.019	19.994	100.568	19.787	-1.499	1.037	902.243
113.000	177.659	80.017	19.995	100.568	19.786	-1.433	0.994	902.227
113.500	178.157	80.015	19.996	100.566	19.787	-1.507	1.025	902.192
114.000	178.671	80.017	19.995	100.565	19.787	-1.542	1.014	902.204
114.500	179.189	80.017	19.994	100.566	19.786	-1.382	1.031	902.197
115.000	179.693	80.021	19.993	100.564	19.787	-1.414	1.022	902.267
115.500	180.198	80.017	19.993	100.564	19.787	-1.307	1.010	902.216
116.000	180.713	80.020	19.994	100.565	19.788	-1.255	1.020	902.241
116.500	181.208	80.021	19.994	100.565	19.789	-1.350	1.010	902.270
117.000	181.720	80.019	19.994	100.565	19.789	-1.210	1.007	902.281
117.500	182.234	80.019	19.995	100.563	19.789	-1.222	1.026	902.268
118.000	182.755	80.021	19.994	100.563	19.788	-1.092	1.034	902.283
118.500	183.240	80.019	19.996	100.565	19.789	-1.103	1.006	902.232
119.000	183.794	80.020	19.995	100.564	19.790	-1.242	1.040	902.253
119.500	184.257	80.018	19.994	100.562	19.790	-1.177	1.017	902.253
120.000	184.793	80.022	19.994	100.564	19.790	-1.158	1.000	902.250
120.500	185.297	80.019	19.994	100.564	19.789	-1.148	1.040	902.233
121.000	185.808	80.019	19.994	100.563	19.787	-0.955	1.014	902.282
121.500	186.290	80.019	19.994	100.564	19.790	-1.183	0.993	902.279
122.000	186.821	80.017	19.996	100.564	19.788	-1.128	1.012	902.265
122.500	187.304	80.020	19.995	100.563	19.789	-1.203	1.013	902.296
123.000	187.824	80.019	19.994	100.562	19.788	-1.179	1.004	902.253
123.500	188.318	80.022	19.994	100.561	19.789	-1.301	1.014	902.241
124.000	188.805	80.019	19.996	100.562	19.790	-1.478	0.980	902.269
124.500	189.339	80.023	19.993	100.562	19.791	-1.607	1.022	902.267
125.000	189.827	80.017	19.995	100.561	19.790	-1.526	1.023	902.288
125.500	190.357	80.018	19.995	100.560	19.791	-1.585	1.018	902.302
126.000	190.875	80.017	19.994	100.561	19.792	-1.624	1.048	902.306
126.500	191.382	80.021	19.994	100.560	19.793	-1.619	1.025	902.247
127.000	191.902	80.019	19.994	100.553	19.794	-1.600	1.028	902.320
127.500	192.404	80.020	19.994	100.552	19.791	-1.318	1.023	902.288
128.000	192.921	80.017	19.996	100.545	19.794	-1.468	1.019	902.278
128.500	193.418	80.019	19.995	100.536	19.794	-1.486	1.013	902.271
129.000	193.982	80.018	19.992	100.532	19.794	-1.533	1.060	902.301
129.500	194.464	80.020	19.995	100.533	19.793	-1.450	1.045	902.307
130.000	194.957	80.020	19.993	100.526	19.792	-1.370	0.975	902.247
130.500	195.487	80.021	19.994	100.526	19.793	-1.398	1.023	902.285
131.000	195.999	80.021	19.993	100.526	19.791	-1.284	1.043	902.292
131.500	196.496	80.020	19.994	100.523	19.793	-1.422	1.010	902.306
132.000	196.995	80.016	19.995	100.521	19.793	-1.392	0.995	902.281
132.500	197.497	80.021	19.993	100.523	19.793	-1.366	1.001	902.305
133.000	198.008	80.021	19.995	100.524	19.792	-1.296	1.013	902.323
133.500	198.511	80.018	19.994	100.525	19.790	-1.099	1.014	902.303
134.000	199.030	80.017	19.995	100.526	19.792	-1.304	1.021	902.296
134.500	199.511	80.021	19.994	100.531	19.792	-1.316	0.999	902.295
135.000	200.037	80.022	19.993	100.532	19.793	-1.425	1.008	902.303
135.500	200.545	80.018	19.993	100.532	19.794	-1.469	1.035	902.305
136.000	201.041	80.019	19.993	100.536	19.794	-1.462	1.004	902.267
136.500	201.556	80.019	19.994	100.544	19.795	-1.586	1.011	902.316
137.000	202.053	80.017	19.994	100.543	19.792	-1.334	1.013	902.312
137.500	202.568	80.020	19.993	100.545	19.793	-1.391	1.013	902.331
138.000	203.071	80.020	19.993	100.545	19.794	-1.444	1.017	902.292
138.500	203.590	80.017	19.993	100.540	19.794	-1.455	1.020	902.321
139.000	204.114	80.019	19.993	100.530	19.793	-1.396	1.044	902.323
139.500	204.580	80.019	19.996	100.525	19.794	-1.413	0.991	902.284
140.000	205.084	80.019	19.992	100.522	19.794	-1.461	0.969	902.318
140.500	205.569	80.018	19.994	100.520	19.795	-1.515	0.990	902.322
141.000	206.127	80.020	19.994	100.521	19.793	-1.341	1.043	902.324
141.500	206.623	80.019	19.994	100.522	19.794	-1.350	1.053	902.340
142.000	207.134	80.018	19.993	100.522	19.793	-1.317	1.008	902.329
142.500	207.627	80.020	19.994	100.522	19.794	-1.379	1.004	902.328
143.000	208.132	80.020	19.994	100.522	19.794	-1.400	0.997	902.329
143.500	208.645	80.019	19.994	100.522	19.795	-1.456	1.019	902.333
144.000	209.185	80.020	19.995	100.520	19.794	-1.481	1.054	902.306
144.500	209.660	80.018	19.995	100.520	19.795	-1.516	1.014	902.281
145.000	210.162	80.020	19.993	100.519	19.795	-1.410	0.977	902.332
145.500	210.668	80.019	19.995	100.520	19.794	-1.281	1.009	902.351
146.000	211.181	80.018	19.994	100.519	19.796	-1.332	1.019	902.353
146.500	211.676	80.016	19.995	100.521	19.796	-1.377	1.007	902.310
147.000	212.208	80.018	19.994	100.520	19.795	-1.126	1.026	902.361
147.500	212.693	80.018	19.995	100.520	19.796	-1.138	1.017	902.338
148.000	213.204	80.019	19.995	100.519	19.797	-1.236	0.996	902.314
148.500	213.715	80.015	19.995	100.519	19.798	-1.280	1.023	902.372
149.000	214.225	80.018	19.995	100.518	19.798	-1.214	1.022	902.312
149.500	214.702	80.017	19.994	100.519	19.796	-1.082	0.986	902.326
150.000	215.226	80.018	19.994	100.517	19.796	-1.121	1.000	902.364
150.500	215.724	80.018	19.994	100.518	19.797	-1.181	1.021	902.332
151.000	216.233	80.019	19.995	100.518	19.795	-1.059	1.007	902.316
151.500	216.749	80.018	19.994	100.518	19.795	-1.027	1.025	902.335
152.000	217.276	80.021	19.994	100.517	19.795	-1.031	1.043	902.311
152.500	217.724	80.019	19.995	100.519	19.796	-1.015	0.976	902.330
153.000	218.242	80.019	19.994	100.518	19.796	-0.966	0.966	902.325
153.500	218.713	80.020	19.995	100.516	19.797	-1.061	0.988	902.324
154.000	219.247	80.020	19.993	100.514	19.799	-1.193	1.004	902.333
154.500	219.778	80.017	19.996	100.514	19.798	-1.145	1.065	902.329
155.000	220.247	80.018	19.994	100.514	19.799	-1.264	1.001	902.340
155.500	220.772	80.019	19.995	100.515	19.799	-1.346	0.994	902.309
156.000	221.269	80.023	19.993	100.518	19.799	-1.332	1.022	902.320
156.500	221.764	80.015	19.995	100.520	19.799	-1.313	0.991	902.265
157.000	222.266	80.018	19.995	100.516	19.800	-1.368	0.998	902.299
157.500	222.798	80.015	19.996	100.511	19.798	-1.265	1.035	902.325
158.000	223.293	80.018	19.996	100.506	19.799	-1.320	1.027	902.318
158.500	223.854	80.021	19.993	100.498	19.799	-1.345	1.056	902.326
159.000	224.323	80.018	19.995	100.497	19.799	-1.310	1.030	902.329
159.500	224.815	80.019	19.993	100.491	19.799	-1.315	0.961	902.291
160.000	225.305	80.016	19.995	100.487	19.799	-1.364	0.982	902.305
160.500	225.799	80.019	19.994	100.485	19.800	-1.382	0.984	902.284
161.000	226.326	80.018	19.995	100.484	19.801	-1.395	1.021	902.330
161.500	226.846	80.016	19.994	100.478	19.801	-1.420	1.046	902.318
162.000	227.353	80.014	19.995	100.485	19.800	-1.348	1.026	902.289
162.500	227.853	80.016	19.993	100.487	19.799	-1.269	1.007	902.312
163.000	228.343	80.019	19.995	100.489	19.801	-1.411	0.990	902.322
163.500	228.873	80.020	19.994	100.488	19.800	-1.393	1.020	902.299
164.000	229.367	80.017	19.994	100.488	19.800	-1.417	1.024	902.277
164.500	229.869	80.020	19.995	100.481	19.800	-1.440	0.996	902.317
165.000	230.335	80.018	19.993	100.480	19.799	-1.321	0.968	902.280
165.500	230.890	80.019	19.994	100.477	19.800	-1.384	1.022	902.294
166.000	231.358	80.019	19.994	100.478	19.800	-1.360	1.024	902.296
166.500	231.857	80.019	19.995	100.478	19.798	-1.195	0.967	902.295
167.000	232.369	80.020	19.994	100.479	19.798	-1.194	1.011	902.293
167.500	232.868	80.020	19.993	100.482	19.798	-1.184	1.011	902.296
168.000	233.359	80.021	19.993	100.483	19.799	-1.293	0.991	902.305
168.500	233.833	80.021	19.994	100.483	19.799	-1.312	0.966	902.332
169.000	234.356	80.019	19.993	100.484	19.798	-1.218	0.996	902.303
169.500	234.899	80.017	19.995	100.483	19.799	-1.255	1.066	902.289
170.000	235.351	80.018	19.994	100.480	19.800	-1.338	0.995	902.295
170.500	235.897	80.020	19.993	100.486	19.799	-1.297	0.998	902.285
171.000	236.372	80.016	19.993	100.486	19.800	-1.296	1.020	902.286
171.500	236.885	80.020	19.993	100.485	19.800	-1.290	0.988	902.301
172.000	237.376	80.019	19.995	100.485	19.800	-1.273	1.004	902.285
172.500	237.876	80.020	19.994	100.485	19.802	-1.329	0.990	902.265
173.000	238.363	80.018	19.992	100.479	19.801	-1.150	0.988	902.279
173.500	238.902	80.019	19.993	100.479	19.800	-1.020	1.026	902.292
174.000	239.370	80.019	19.994	100.478	19.800	-1.000	1.006	902.299
174.500	239.892	80.020	19.995	100.480	19.800	-0.928	0.990	902.294
175.000	240.394	80.019	19.995	100.479	19.800	-1.039	1.025	902.272
175.500	240.903	80.020	19.993	100.480	19.800	-1.033	1.012	902.227
176.000	241.392	80.016	19.994	100.482	19.803	-1.273	0.998	902.284
176.500	241.902	80.019	19.993	100.483	19.801	-1.113	0.998	902.224
177.000	242.389	80.022	19.993	100.483	19.802	-1.213	0.996	902.220
177.500	242.899	80.017	19.995	100.483	19.802	-1.201	0.997	902.233
178.000	243.409	80.017	19.994	100.482	19.801	-1.169	1.020	902.266
178.500	243.914	80.022	19.993	100.481	19.802	-1.249	1.014	902.238
179.000	244.402	80.019	19.996	100.480	19.801	-1.182	0.992	902.250
179.500	244.888	80.016	19.994	100.479	19.801	-1.161	0.974	902.243
180.000	245.388	80.018	19.995	100.480	19.802	-1.305	0.986	902.219
180.500	245.919	80.022	19.994	100.480	19.802	-1.277	1.032	902.210
181.000	246.418	80.019	19.994	100.481	19.803	-1.323	1.031	902.192
181.500	246.943	80.021	19.994	100.481	19.803	-1.294	1.023	902.215
182.000	247.387	80.019	19.994	100.481	19.805	-1.413	0.968	902.204
182.500	247.940	80.016	19.993	100.480	19.805	-1.342	0.998	902.225
183.000	248.440	80.023	19.994	100.479	19.805	-1.307	1.054	902.214
183.500	248.947	80.018	19.995	100.477	19.803	-1.061	1.006	902.182
184.000	249.425	80.018	19.994	100.476	19.802	-0.946	0.984	902.205
184.500	249.911	80.021	19.994	100.473	19.802	-0.946	0.964	902.227
185.000	250.446	80.020	19.993	100.467	19.802	-0.975	1.021	902.163
185.500	250.919	80.018	19.995	100.462	19.803	-1.064	1.009	902.204
186.000	251.424	80.018	19.994	100.457	19.804	-1.178	0.978	902.180
186.500	251.940	80.020	19.993	100.450	19.804	-1.179	1.020	902.181
187.000	252.442	80.018	19.994	100.454	19.803	-1.147	1.018	902.193
187.500	252.950	80.019	19.993	100.460	19.803	-1.124	1.010	902.183
188.000	253.403	80.017	19.994	100.459	19.803	-1.003	0.962	902.171
188.500	253.924	80.017	19.994	100.462	19.803	-1.015	0.974	902.214
189.000	254.436	80.019	19.994	100.462	19.804	-1.010	1.033	902.161
189.500	254.914	80.016	19.994	100.459	19.804	-1.056	0.991	902.168
190.000	255.456	80.020	19.995	100.459	19.803	-1.053	1.019	902.188
190.500	255.917	80.019	19.993	100.464	19.803	-1.059	1.003	902.159
191.000	256.437	80.017	19.994	100.464	19.803	-1.002	0.981	902.153
191.500	256.919	80.018	19.994	100.463	19.805	-1.187	1.002	902.162
192.000	257.450	80.018	19.994	100.462	19.803	-1.105	1.013	902.166
192.500	257.948	80.013	19.996	100.462	19.803	-1.187	1.029	902.131
193.000	258.449	80.018	19.994	100.459	19.803	-1.130	1.000	902.148
193.500	258.956	80.019	19.994	100.460	19.803	-1.152	1.008	902.126
194.000	259.433	80.016	19.994	100.460	19.804	-1.284	0.983	902.139
194.500	259.965	80.020	19.995	100.457	19.803	-1.221	1.009	902.099
195.000	260.434	80.015	19.993	100.450	19.803	-1.154	1.001	902.097
195.500	260.954	80.017	19.995	100.447	19.804	-1.174	0.989	902.125
196.000	261.455	80.020	19.994	100.442	19.803	-1.023	1.021	902.122
196.500	261.958	80.017	19.994	100.441	19.804	-1.081	1.004	902.100
197.000	262.452	80.020	19.994	100.443	19.804	-1.106	0.998	902.121
197.500	262.978	80.021	19.995	100.447	19.804	-1.091	1.021	902.086
198.000	263.481	80.020	19.993	100.448	19.805	-1.119	1.029	902.145
198.500	263.971	80.017	19.994	100.451	19.803	-0.989	0.993	902.075
199.000	264.471	80.019	19.994	100.450	19.805	-1.085	0.991	902.102
199.500	264.962	80.018	19.994	100.449	19.805	-1.123	0.990	902.119
200.000	265.448	80.019	19.994	100.444	19.803	-0.954	0.975	902.101
200.500	265.971	80.016	19.995	100.441	19.805	-1.051	1.010	902.092
201.000	266.499	80.014	19.994	100.439	19.805	-1.045	1.051	902.144
201.500	266.983	80.017	19.994	100.440	19.801	-0.729	1.012	902.113
202.000	267.482	80.016	19.995	100.442	19.802	-0.895	0.983	902.056
202.500	267.951	80.019	19.995	100.444	19.803	-0.941	0.968	902.101
203.000	268.449	80.021	19.995	100.444	19.803	-0.925	0.967	902.063
203.500	268.950	80.019	19.993	100.445	19.803	-0.968	1.000	902.061
204.000	269.461	80.018	19.994	100.445	19.803	-0.934	1.011	902.011
204.500	269.970	80.018	19.994	100.448	19.802	-0.824	1.020	902.053
205.000	270.462	80.017	19.994	100.451	19.803	-0.900	1.002	902.036
205.500	270.946	80.018	19.993	100.455	19.803	-0.940	0.977	902.031
206.000	271.481	80.019	19.994	100.456	19.804	-1.013	1.019	902.016
206.500	271.963	80.022	19.993	100.456	19.803	-0.877	1.017	902.050
207.000	272.457	80.017	19.994	100.450	19.804	-0.985	0.975	902.028
207.500	272.950	80.018	19.994	100.446	19.803	-0.902	0.987	901.980
208.000	273.439	80.022	19.993	100.443	19.803	-0.841	0.983	901.994
208.500	273.940	80.016	19.993	100.442	19.804	-0.910	0.989	901.995
209.000	274.441	80.020	19.996	100.441	19.803	-0.788	1.002	901.991
209.500	274.949	80.018	19.995	100.441	19.802	-0.721	1.009	901.991
210.000	275.460	80.017	19.994	100.441	19.802	-0.770	1.019	902.012
210.500	275.954	80.020	19.994	100.440	19.801	-0.686	1.005	902.000
211.000	276.438	80.018	19.993	100.438	19.802	-0.786	0.979	901.970
211.500	276.921	80.022	19.994	100.437	19.802	-0.758	0.967	901.973
212.000	277.402	80.019	19.995	100.436	19.802	-0.802	0.963	901.970
212.500	277.928	80.020	19.994	100.436	19.802	-0.737	1.006	901.954
213.000	278.425	80.020	19.995	100.435	19.801	-0.671	1.023	901.982
213.500	278.926	80.017	19.995	100.437	19.804	-0.875	0.997	901.965
214.000	279.443	80.021	19.994	100.439	19.802	-0.759	1.018	901.938
214.500	279.943	80.021	19.994	100.439	19.804	-0.949	1.018	901.916
215.000	280.416	80.019	19.996	100.439	19.803	-0.859	0.973	901.928
215.500	280.916	80.016	19.994	100.438	19.803	-0.895	0.974	901.918
216.000	281.447	80.016	19.995	100.437	19.803	-0.878	1.032	901.889
216.500	281.933	80.019	19.994	100.435	19.804	-0.925	1.016	901.915
217.000	282.431	80.020	19.995	100.435	19.806	-1.118	0.983	901.887
217.500	282.932	80.020	19.995	100.437	19.805	-1.051	0.999	901.888
218.000	283.427	80.017	19.995	100.438	19.804	-0.933	0.995	901.920
218.500	283.945	80.022	19.994	100.437	19.806	-1.145	1.013	901.895
219.000	284.435	80.021	19.995	100.436	19.807	-1.199	1.009	901.869
219.500	284.933	80.022	19.995	100.435	19.804	-0.926	0.988	901.846
220.000	285.429	80.017	19.994	100.433	19.803	-0.892	0.993	901.873
220.500	285.930	80.021	19.995	100.433	19.803	-0.800	0.997	901.862
221.000	286.449	80.017	19.994	100.430	19.802	-0.730	1.020	901.902
221.500	286.963	80.020	19.994	100.431	19.804	-0.808	1.032	901.893
222.000	287.437	80.019	19.993	100.431	19.804	-0.801	0.988	901.876
222.500	287.946	80.022	19.994	100.431	19.803	-0.687	0.983	901.869
223.000	288.445	80.019	19.995	100.431	19.803	-0.688	1.007	901.848
223.500	288.955	80.021	19.994	100.434	19.802	-0.701	1.009	901.802
224.000	289.422	80.018	19.994	100.431	19.803	-0.814	0.977	901.804
224.500	289.931	80.017	19.995	100.431	19.804	-0.911	0.976	901.798
225.000	290.428	80.021	19.994	100.429	19.803	-0.765	1.006	901.799
225.500	290.946	80.021	19.996	100.429	19.803	-0.737	1.014	901.805
226.000	291.443	80.019	19.996	100.431	19.803	-0.657	1.014	901.823
226.500	291.943	80.021	19.994	100.432	19.802	-0.604	0.997	901.794
227.000	292.419	80.016	19.996	100.433	19.803	-0.603	0.977	901.778
227.500	292.946	80.019	19.995	100.434	19.805	-0.686	1.003	901.796
228.000	293.444	80.018	19.994	100.435	19.803	-0.524	1.024	901.794
228.500	293.937	80.017	19.996	100.434	19.803	-0.495	0.991	901.803
229.000	294.425	80.018	19.994	100.434	19.802	-0.373	0.981	901.759
229.500	294.905	80.017	19.995	100.432	19.801	-0.176	0.968	901.744
230.000	295.425	80.017	19.995	100.432	19.802	-0.234	1.000	901.792
230.500	295.935	80.016	19.995	100.432	19.802	-0.273	1.030	901.751
231.000	296.416	80.019	19.994	100.433	19.800	-0.142	0.991	901.749
231.500	296.902	80.018	19.993	100.434	19.800	-0.061	0.967	901.762
232.000	297.424	80.021	19.993	100.434	19.801	-0.144	1.008	901.733
232.500	297.921	80.017	19.995	100.432	19.800	-0.129	1.019	901.728
233.000	298.415	80.018	19.993	100.430	19.801	-0.277	0.992	901.701
233.500	298.906	80.015	19.995	100.427	19.802	-0.333	0.986	901.724
234.000	299.420	80.019	19.993	100.421	19.801	-0.188	1.004	901.746
234.500	299.912	80.020	19.994	100.419	19.801	-0.169	1.005	901.730
235.000	300.425	80.020	19.993	100.422	19.801	-0.245	1.006	901.695
235.500	300.918	80.018	19.994	100.424	19.801	-0.258	1.006	901.731
236.000	301.403	80.020	19.993	100.428	19.802	-0.252	0.976	901.686
236.500	301.876	80.020	19.993	100.433	19.801	-0.274	0.958	901.689
237.000	302.420	80.021	19.992	100.433	19.801	-0.309	1.017	901.678
237.500	302.932	80.018	19.994	100.428	19.801	-0.402	1.055	901.680
238.000	303.421	80.017	19.994	100.422	19.801	-0.422	1.001	901.636
238.500	303.941	80.019	19.993	100.418	19.801	-0.491	1.009	901.623
239.000	304.413	80.017	19.995	100.418	19.800	-0.309	0.992	901.635
239.500	304.968	80.015	19.994	100.415	19.801	-0.313	1.027	901.691
240.000	305.442	80.018	19.994	100.412	19.801	-0.312	1.029	901.657
240.500	305.936	80.021	19.991	100.411	19.801	-0.202	0.968	901.646
241.000	306.429	80.021	19.994	100.409	19.799	-0.022	0.986	901.605
241.500	306.919	80.018	19.993	100.401	19.800	-0.124	0.984	901.588
242.000	307.407	80.018	19.992	100.399	19.800	-0.163	0.979	901.575
242.500	307.895	80.023	19.992	100.401	19.801	-0.274	0.977	901.599
243.000	308.415	80.017	19.993	100.401	19.800	-0.212	1.007	901.610
243.500	308.903	80.020	19.994	100.402	19.801	-0.281	1.007	901.579
244.000	309.435	80.020	19.992	100.403	19.802	-0.283	1.020	901.619
244.500	309.940	80.021	19.994	100.404	19.800	-0.078	1.038	901.605
245.000	310.451	80.018	19.992	100.403	19.800	-0.116	1.016	901.624
245.500	310.933	80.022	19.994	100.408	19.800	-0.127	0.993	901.584
246.000	311.427	80.018	19.996	100.405	19.801	-0.273	0.978	901.555
246.500	311.912	80.023	19.995	100.404	19.800	-0.195	0.980	901.541
247.000	312.400	80.022	19.994	100.403	19.800	-0.162	0.973	901.543
247.500	312.909	80.021	19.994	100.404	19.801	-0.171	0.996	901.553
248.000	313.403	80.020	19.994	100.400	19.798	0.138	1.002	901.584
248.500	313.896	80.021	19.993	100.402	19.800	0.070	0.986	901.552
249.000	314.384	80.022	19.993	100.408	19.798	0.231	0.981	901.549
249.500	314.881	80.019	19.995	100.415	19.798	0.252	0.985	901.538
250.000	315.386	80.016	19.994	100.416	19.799	0.144	1.002	901.481
250.500	315.875	80.021	19.993	100.422	19.798	0.269	0.994	901.498
251.000	316.372	80.021	19.995	100.420	19.799	0.109	0.987	901.498
251.500	316.863	80.018	19.994	100.415	19.801	0.006	0.990	901.494
252.000	317.355	80.018	19.993	100.409	19.799	0.110	0.982	901.477
252.500	317.887	80.017	19.995	100.406	19.799	0.154	1.023	901.490
253.000	318.383	80.018	19.994	100.400	19.800	0.028	1.028	901.442
253.500	318.871	80.021	19.992	100.401	19.800	0.035	0.984	901.463
254.000	319.388	80.020	19.994	100.405	19.799	0.146	1.005	901.469
254.500	319.881	80.021	19.993	100.410	19.801	0.007	1.011	901.439
255.000	320.374	80.019	19.994	100.410	19.801	-0.052	0.986	901.433
255.500	320.836	80.016	19.994	100.408	19.800	0.017	0.955	901.426
256.000	321.358	80.016	19.993	100.404	19.800	0.025	0.984	901.441
256.500	321.868	80.022	19.992	100.402	19.801	-0.014	1.031	901.386
257.000	322.365	80.019	19.995	100.399	19.800	0.024	1.007	901.408
257.500	322.878	80.018	19.994	100.404	19.802	-0.089	1.012	901.395
258.000	323.356	80.018	19.994	100.407	19.801	0.018	0.990	901.418
258.500	323.868	80.021	19.994	100.409	19.802	-0.096	0.989	901.401
259.000	324.392	80.019	19.993	100.408	19.801	-0.041	1.036	901.349
259.500	324.871	80.017	19.995	100.405	19.800	0.062	1.002	901.377
260.000	325.372	80.018	19.995	100.398	19.800	0.086	0.980	901.375
260.500	325.862	80.020	19.994	100.394	19.801	-0.016	0.992	901.333
261.000	326.365	80.019	19.994	100.392	19.802	-0.138	0.992	901.357
261.500	326.865	80.021	19.994	100.392	19.800	0.090	1.003	901.368
262.000	327.396	80.019	19.995	100.392	19.800	0.027	1.031	901.390
262.500	327.864	80.021	19.994	100.391	19.801	-0.053	1.000	901.352
263.000	328.375	80.021	19.994	100.392	19.801	0.001	0.979	901.371
263.500	328.898	80.021	19.993	100.393	19.801	0.008	1.033	901.361
264.000	329.393	80.023	19.992	100.393	19.801	0.003	1.017	901.334
264.500	329.860	80.022	19.993	100.394	19.800	0.118	0.962	901.320
265.000	330.366	80.020	19.992	100.394	19.800	0.119	0.974	901.286
265.500	330.869	80.019	19.994	100.393	19.800	0.093	1.009	901.282
266.000	331.368	80.018	19.994	100.393	19.799	0.196	1.002	901.290
266.500	331.903	80.020	19.994	100.392	19.798	0.262	1.034	901.291
267.000	332.396	80.020	19.993	100.392	19.798	0.282	1.029	901.268
267.500	332.870	80.021	19.994	100.393	19.798	0.189	0.967	901.268
268.000	333.404	80.018	19.993	100.392	19.798	0.205	1.007	901.282
268.500	333.869	80.019	19.994	100.393	19.798	0.264	0.999	901.244
269.000	334.372	80.023	19.995	100.393	19.799	0.165	0.969	901.245
269.500	334.868	80.017	19.994	100.392	19.797	0.312	0.998	901.209
270.000	335.395	80.018	19.995	100.390	19.796	0.400	1.022	901.239
270.500	335.884	80.015	19.994	100.391	19.796	0.448	1.016	901.231
271.000	336.352	80.021	19.993	100.390	19.798	0.221	0.957	901.231
271.500	336.870	80.015	19.994	100.391	19.798	0.239	0.987	901.207
272.000	337.355	80.019	19.995	100.391	19.798	0.183	1.004	901.175
272.500	337.869	80.020	19.994	100.393	19.797	0.243	0.999	901.180
273.000	338.364	80.021	19.994	100.392	19.797	0.292	1.008	901.209
273.500	338.877	80.018	19.995	100.392	19.797	0.292	1.008	901.239
274.000	339.388	80.015	19.993	100.391	19.798	0.222	1.024	901.201
274.500	339.892	80.020	19.995	100.392	19.796	0.341	1.015	901.189
275.000	340.376	80.021	19.994	100.392	19.797	0.282	0.987	901.165
275.500	340.906	80.021	19.994	100.392	19.797	0.334	1.014	901.158
276.000	341.384	80.022	19.995	100.391	19.795	0.495	1.008	901.145
276.500	341.885	80.020	19.995	100.390	19.796	0.520	0.980	901.202
277.000	342.367	80.019	19.992	100.389	19.796	0.497	0.983	901.143
277.500	342.859	80.020	19.993	100.392	19.796	0.499	0.974	901.116
278.000	343.405	80.016	19.994	100.393	19.795	0.565	1.039	901.147
278.500	343.895	80.021	19.996	100.392	19.793	0.702	1.037	901.182
279.000	344.389	80.020	19.993	100.392	19.793	0.670	0.985	901.166
279.500	344.868	80.017	19.994	100.391	19.792	0.823	0.972	901.133
280.000	345.412	80.020	19.994	100.391	19.794	0.674	1.022	901.094
280.500	345.898	80.020	19.994	100.391	19.794	0.774	1.030	901.098
281.000	346.387	80.015	19.994	100.391	19.791	1.088	0.975	901.087
281.500	346.892	80.020	19.994	100.392	19.791	1.158	0.993	901.081
282.000	347.357	80.018	19.994	100.392	19.791	1.235	0.971	901.056
282.500	347.881	80.018	19.995	100.391	19.791	1.319	0.989	901.075
283.000	348.364	80.019	19.993	100.391	19.789	1.520	1.007	901.038
283.500	348.861	80.017	19.994	100.394	19.786	1.789	0.981	901.069
284.000	349.378	80.018	19.994	100.394	19.786	1.744	1.014	901.016
284.500	349.877	80.016	19.994	100.395	19.788	1.594	1.016	901.074
285.000	350.371	80.018	19.995	100.395	19.787	1.724	0.993	901.031
285.500	350.878	80.022	19.995	100.396	19.786	1.763	1.000	901.015
286.000	351.376	80.020	19.994	100.395	19.786	1.741	1.004	901.015
286.500	351.869	80.021	19.993	100.395	19.786	1.728	0.991	900.955
287.000	352.391	80.020	19.994	100.395	19.787	1.628	1.014	901.002
287.500	352.855	80.016	19.994	100.395	19.786	1.607	0.987	900.980
288.000	353.352	80.016	19.995	100.392	19.785	1.573	0.962	900.995
288.500	353.839	80.019	19.994	100.389	19.785	1.554	0.984	901.003
289.000	354.344	80.021	19.994	100.386	19.786	1.519	0.992	900.955
289.500	354.853	80.023	19.992	100.386	19.785	1.592	1.015	900.946
290.000	355.350	80.018	19.995	100.387	19.783	1.807	1.006	900.967
290.500	355.866	80.021	19.995	100.388	19.783	1.850	1.011	900.974
291.000	356.347	80.017	19.995	100.391	19.782	1.919	0.997	900.934
291.500	356.847	80.019	19.996	100.394	19.784	1.790	0.982	900.911
292.000	357.359	80.019	19.994	100.389	19.782	1.808	1.012	900.920
292.500	357.849	80.020	19.994	100.385	19.782	1.710	1.002	900.934
293.000	358.344	80.017	19.993	100.380	19.781	1.789	0.985	900.895
293.500	358.851	80.018	19.994	100.372	19.781	1.775	1.002	900.914
294.000	359.349	80.020	19.993	100.366	19.781	1.846	1.004	900.879
294.500	359.845	80.020	19.995	100.366	19.778	2.177	0.994	900.874
295.000	360.341	80.021	19.996	100.364	19.779	2.276	0.992	900.915
295.500	360.858	80.030	19.996	100.363	19.778	2.470	1.013	900.885
296.000	361.327	80.021	19.992	100.362	19.776	2.707	0.987	900.849
296.500	361.856	80.018	19.995	100.362	19.775	2.780	0.997	900.853
297.000	362.355	80.019	19.993	100.359	19.774	2.929	1.027	900.845
297.500	362.856	80.019	19.995	100.359	19.772	3.103	1.001	900.837
298.000	363.327	80.018	19.994	100.360	19.772	3.062	0.972	900.841
298.500	363.848	80.019	19.995	100.367	19.772	3.084	0.991	900.800
299.000	364.351	80.016	19.994	100.366	19.769	3.308	1.024	900.852
299.500	364.861	80.020	19.992	100.370	19.767	3.469	1.014	900.797
300.000	365.374	80.019	19.994	100.377	19.766	3.584	1.024	900.831
300.500	365.851	80.020	19.996	100.379	19.765	3.585	0.990	900.835
301.000	366.351	80.025	19.993	100.379	19.764	3.702	0.976	900.762
301.500	366.845	80.013	19.990	100.381	19.763	3.765	0.993	900.737
302.000	367.316	80.021	19.994	100.380	19.762	3.902	0.966	900.792
302.500	367.838	80.022	19.994	100.373	19.760	4.134	0.993	900.764
303.000	368.332	80.019	19.994	100.370	19.759	4.201	1.015	900.760
303.500	368.835	80.016	19.995	100.370	19.757	4.324	0.996	900.756
304.000	369.359	80.002	19.989	100.374	19.756	4.374	1.028	900.671
304.500	369.848	80.011	19.991	100.382	19.753	4.651	1.014	900.732
305.000	370.333	80.016	19.993	100.393	19.751	4.878	0.974	900.738
305.500	370.846	80.013	19.993	100.394	19.750	4.861	0.998	900.742
306.000	371.349	80.017	19.993	100.392	19.746	5.219	1.016	900.722
306.500	371.847	80.017	19.993	100.384	19.745	5.371	1.002	900.732
307.000	372.330	80.020	19.994	100.373	19.742	5.662	0.981	900.719
307.500	372.835	80.020	19.991	100.362	19.739	5.934	0.987	900.684
308.000	373.336	80.020	19.993	100.358	19.737	6.138	1.006	900.680
308.500	373.804	80.017	19.995	100.357	19.736	6.320	0.969	900.677
309.000	374.317	80.018	19.994	100.358	19.733	6.556	0.982	900.646
309.500	374.812	80.020	19.995	100.356	19.728	6.891	1.008	900.659
310.000	375.313	80.017	19.994	100.355	19.726	6.989	0.996	900.683
310.500	375.806	80.019	19.994	100.357	19.722	7.259	0.993	900.674
311.000	376.316	80.020	19.994	100.354	19.719	7.405	1.002	900.633
311.500	376.813	80.019	19.994	100.357	19.716	7.598	1.008	900.639
312.000	377.288	80.021	19.993	100.361	19.712	7.954	0.973	900.589
312.500	377.815	80.018	19.993	100.361	19.710	8.134	1.002	900.640
313.000	378.321	80.019	19.993	100.359	19.705	8.571	1.032	900.634
313.500	378.793	80.017	19.994	100.360	19.700	8.912	0.977	900.597
314.000	379.309	80.017	19.994	100.359	19.695	9.344	0.988	900.565
314.500	379.814	80.019	19.993	100.356	19.693	9.534	1.021	900.600
315.000	380.313	80.017	19.995	100.356	19.685	10.129	1.005	900.599
315.500	380.807	80.020	19.994	100.358	19.680	10.519	0.994	900.580
316.000	381.292	80.019	19.993	100.357	19.675	10.898	0.979	900.583
316.500	381.836	80.023	19.993	100.361	19.667	11.523	1.029	900.535
317.000	382.327	80.019	19.994	100.361	19.663	11.840	1.035	900.585
317.500	382.813	80.019	19.995	100.362	19.657	12.357	0.977	900.587
318.000	383.326	80.020	19.994	100.364	19.647	13.275	0.999	900.560
318.500	383.822	80.019	19.994	100.364	19.638	14.242	1.009	900.534
319.000	384.333	80.017	19.994	100.360	19.631	15.122	1.007	900.551
319.500	384.806	80.020	19.995	100.359	19.619	16.431	0.984	900.533
320.000	385.323	80.020	19.994	100.357	19.606	17.916	0.990	900.531
320.500	385.810	80.019	19.994	100.351	19.589	19.875	1.004	900.517
321.000	386.285	80.018	19.994	100.350	19.570	21.966	0.962	900.501
321.500	386.796	80.017	19.994	100.353	19.549	24.290	0.986	900.507
322.000	387.321	80.020	19.994	100.359	19.522	27.070	1.036	900.481
322.500	387.804	80.019	19.994	100.365	19.494	29.870	1.007	900.476
323.000	388.315	80.019	19.994	100.368	19.461	33.047	0.993	900.511
323.500	388.779	80.018	19.995	100.377	19.423	36.543	0.974	900.506
324.000	389.309	80.017	19.995	100.379	19.384	39.994	0.994	900.492
324.500	389.811	80.017	19.994	100.377	19.343	43.566	1.033	900.436
325.000	390.326	80.017	19.993	100.378	19.299	47.119	1.017	900.457
325.500	390.796	80.018	19.995	100.381	19.255	50.529	0.984	900.453
326.000	391.301	80.016	19.995	100.382	19.213	53.699	0.976	900.428
326.500	391.821	80.018	19.994	100.383	19.172	56.663	1.025	900.451
327.000	392.327	80.019	19.995	100.388	19.133	59.536	1.025	900.433
327.500	392.809	80.018	19.996	100.389	19.098	61.927	0.988	900.422
328.000	393.299	80.023	19.995	100.392	19.070	63.871	0.972	900.404
328.500	393.807	80.018	19.995	100.398	19.049	65.315	0.998	900.398
329.000	394.306	80.023	19.994	100.403	19.036	66.207	1.006	900.413
329.500	394.794	80.021	19.993	100.403	19.031	66.313	0.987	900.376
330.000	395.285	80.020	19.994	100.404	19.033	65.850	0.979	900.391
330.500	395.803	80.023	19.993	100.396	19.038	65.408	1.009	900.382
331.000	396.271	80.020	19.992	100.381	19.045	64.623	0.987	900.388
331.500	396.822	80.019	19.995	100.362	19.053	63.963	1.020	900.361
332.000	397.321	80.022	19.994	100.345	19.057	63.722	1.050	900.364
332.500	397.809	80.021	19.994	100.320	19.059	63.875	0.986	900.375
333.000	398.298	80.021	19.994	100.291	19.047	65.097	0.977	900.367
333.500	398.786	80.020	19.994	100.258	19.027	67.059	0.977	900.344
334.000	399.289	80.021	19.994	100.229	18.992	70.327	0.991	900.343
334.500	399.783	80.017	19.993	100.200	18.947	74.458	0.997	900.327
335.000	400.304	80.017	19.994	100.177	18.898	78.714	1.015	900.309
335.500	400.792	80.017	19.994	100.163	18.847	82.996	1.010	900.289
336.000	401.291	80.017	19.993	100.153	18.802	86.947	0.986	900.281
336.500	401.782	80.019	19.992	100.150	18.766	90.186	0.989	900.298
337.000	402.298	80.021	19.993	100.158	18.736	92.949	1.008	900.313
337.500	402.810	80.019	19.995	100.175	18.711	95.132	1.028	900.276
338.000	403.276	80.018	19.992	100.205	18.687	97.391	0.977	900.238
338.500	403.786	80.020	19.993	100.247	18.658	99.972	0.976	900.258
339.000	404.295	80.016	19.995	100.285	18.626	102.872	1.019	900.238
339.500	404.761	80.021	19.995	100.321	18.584	106.658	0.974	900.247
340.000	405.285	80.021	19.992	100.359	18.532	111.412	0.990	900.241
340.500	405.787	80.022	19.994	100.387	18.468	117.451	1.026	900.261
341.000	406.300	80.019	19.995	100.407	18.393	124.102	1.015	900.273
341.500	406.795	80.019	19.995	100.424	18.309	131.286	1.008	900.218
342.000	407.271	80.020	19.993	100.444	18.221	138.925	0.972	900.225
342.500	407.794	80.020	19.994	100.452	18.134	146.013	0.998	900.216
343.000	408.284	80.021	19.994	100.456	18.057	151.898	1.013	900.196
343.500	408.778	80.021	19.993	100.464	17.980	157.788	0.985	900.170
344.000	409.270	80.021	19.994	100.466	17.924	162.282	0.985	900.185
344.500	409.778	80.022	19.994	100.447	17.880	165.921	0.999	900.208
345.000	410.259	80.017	19.993	100.426	17.845	168.895	0.990	900.221
345.500	410.774	80.020	19.994	100.410	17.810	172.226	0.996	900.216
346.000	411.260	80.017	19.995	100.394	17.761	177.351	1.002	900.192
346.500	411.757	80.018	19.994	100.382	17.694	183.708	0.983	900.147
347.000	412.246	80.017	19.993	100.375	17.598	192.060	0.986	900.132
347.500	412.753	80.020	19.994	100.380	17.489	201.449	0.995	900.135
348.000	413.255	80.016	19.996	100.383	17.375	211.452	1.008	900.127
348.500	413.728	80.016	19.995	100.378	17.262	221.244	0.976	900.135
349.000	414.220	80.019	19.994	100.368	17.159	229.848	0.965	900.159
349.500	414.717	80.021	19.994	100.363	17.059	238.638	0.989	900.143
350.000	415.188	80.021	19.996	100.355	16.960	247.454	0.968	900.117
350.500	415.688	80.019	19.994	100.341	16.851	257.260	0.970	900.100
351.000	416.189	80.018	19.994	100.336	16.728	268.095	1.001	900.098
351.500	416.711	80.019	19.994	100.333	16.603	278.945	1.022	900.037
352.000	417.189	80.018	19.995	100.324	16.478	289.900	0.999	900.115
352.500	417.666	80.015	19.995	100.296	16.356	300.395	0.956	900.057
353.000	418.163	80.020	19.993	100.263	16.228	311.460	0.974	900.052
353.500	418.666	80.020	19.994	100.246	16.088	323.647	1.000	900.050
354.000	419.137	80.019	19.995	100.252	15.944	336.010	0.976	900.062
354.500	419.660	80.020	19.994	100.260	15.791	349.121	0.995	900.084
355.000	420.157	80.014	19.995	100.305	15.631	362.738	1.019	900.041
355.500	420.669	80.019	19.995	100.376	15.469	376.515	1.008	900.004
356.000	421.114	80.017	19.994	100.421	15.299	390.962	0.957	900.032
356.500	421.639	80.019	19.995	100.431	15.127	405.533	0.969	900.030
357.000	422.141	80.020	19.993	100.443	14.963	419.707	1.027	900.009
357.500	422.625	80.016	19.994	100.427	14.808	432.927	0.987	900.009
358.000	423.143	80.016	19.997	100.383	14.642	447.042	1.002	899.985
358.500	423.622	80.023	19.995	100.317	14.464	462.336	0.996	899.979
359.000	424.092	80.021	19.993	100.285	14.289	477.434	0.949	900.025
359.500	424.597	80.020	19.995	100.276	14.110	492.636	0.975	899.956
360.000	425.079	80.018	19.995	100.277	13.917	508.868	0.986	899.990
360.500	425.593	80.018	19.996	100.275	13.729	524.889	0.997	899.998
361.000	426.051	80.019	19.995	100.291	13.531	541.916	0.973	899.969
361.500	426.561	80.020	19.995	100.290	13.315	559.992	0.967	899.946
362.000	427.051	80.014	19.995	100.252	13.103	577.586	0.999	899.927
362.500	427.557	80.018	19.994	100.214	12.886	595.862	0.997	899.978
363.000	428.014	80.020	19.994	100.193	12.658	614.910	0.964	899.964
363.500	428.518	80.018	19.993	100.172	12.423	634.492	0.960	899.958
364.000	429.035	80.017	19.995	100.155	12.202	652.867	1.020	899.935
364.500	429.511	80.019	19.994	100.140	11.977	671.570	0.994	899.906
365.000	429.968	80.019	19.994	100.126	11.752	690.359	0.934	899.911
365.500	430.448	80.015	19.995	100.110	11.519	709.633	0.937	899.899
366.000	430.968	80.017	19.995	100.090	11.283	729.170	1.000	899.904
366.500	431.446	80.017	19.993	100.076	11.035	748.653	0.997	899.903
367.000	431.926	80.016	19.994	100.073	10.778	768.318	0.958	899.866
367.500	432.374	80.018	19.993	100.064	10.515	789.175	0.929	899.869
368.000	432.926	80.017	19.994	100.059	10.255	810.092	1.000	899.892
368.500	433.406	80.016	19.996	100.064	10.003	830.325	1.032	899.858
369.000	433.909	80.019	19.995	100.046	9.761	850.004	0.983	899.851
369.500	434.397	80.016	19.993	100.016	9.532	869.401	0.991	899.907
370.000	434.859	80.019	19.992	99.994	9.300	889.288	0.949	899.873
370.500	435.306	80.020	19.994	99.980	9.064	908.952	0.909	899.828
371.000	435.836	80.020	19.993	99.951	8.826	928.402	0.978	899.817
371.500	436.301	80.018	19.995	99.919	8.590	947.468	0.996	899.848
372.000	436.791	80.022	19.993	99.906	8.362	965.730	0.955	899.830
372.500	437.251	80.020	19.994	99.892	8.138	983.606	0.950	899.829
373.000	437.730	80.018	19.993	99.846	7.921	1000.811	0.939	899.808
373.500	438.237	80.016	19.995	99.806	7.711	1017.558	0.986	899.784
374.000	438.709	80.021	19.994	99.808	7.523	1032.515	0.978	899.757
374.500	439.197	80.017	19.994	99.803	7.331	1047.730	0.959	899.791
375.000	439.673	80.022	19.993	99.769	7.157	1061.531	0.965	899.769
375.500	440.164	80.015	19.993	99.767	6.983	1075.229	0.967	899.745
376.000	440.677	80.020	19.993	99.769	6.829	1087.365	1.004	899.769
376.500	441.164	80.017	19.992	99.722	6.674	1099.555	1.001	899.737
377.000	441.628	80.019	19.993	99.701	6.522	1112.193	0.950	899.741
377.500	442.132	80.019	19.994	99.696	6.390	1122.913	0.968	899.753
378.000	442.609	80.019	19.994	99.659	6.274	1132.084	0.981	899.739
378.500	443.083	80.014	19.994	99.649	6.171	1139.975	0.950	899.721
379.000	443.585	80.021	19.995	99.778	6.083	1146.606	0.977	899.725
379.500	444.067	80.018	19.993	99.948	6.010	1152.008	0.985	899.743
380.000	444.562	80.019	19.995	100.048	5.962	1154.763	0.976	899.716
380.500	445.069	80.018	19.993	100.121	5.929	1156.450	1.002	899.737
381.000	445.560	80.021	19.994	100.148	5.915	1156.921	0.998	899.731
381.500	446.034	80.019	19.994	100.039	5.922	1155.935	0.965	899.690
382.000	446.530	80.022	19.992	99.857	5.951	1153.180	0.971	899.689
382.500	446.992	80.020	19.997	99.756	6.000	1148.721	0.959	899.684
383.000	447.520	80.021	19.993	99.715	6.071	1142.591	0.989	899.696
383.500	447.972	80.021	19.996	99.701	6.168	1134.370	0.979	899.672
384.000	448.484	80.020	19.994	99.711	6.281	1124.738	0.964	899.670
384.500	448.984	80.021	19.993	99.734	6.423	1112.825	1.012	899.659
385.000	449.477	80.018	19.994	99.758	6.583	1099.453	0.993	899.676
385.500	449.968	80.019	19.993	99.774	6.761	1084.638	0.984	899.640
386.000	450.443	80.017	19.993	99.794	6.963	1067.813	0.967	899.638
386.500	450.950	80.015	19.993	99.819	7.186	1049.298	0.983	899.640
387.000	451.480	80.017	19.994	99.837	7.436	1028.517	1.036	899.615
387.500	451.933	80.018	19.996	99.856	7.710	1005.713	0.984	899.636
388.000	452.465	80.015	19.994	99.878	8.004	981.187	0.985	899.616
388.500	452.930	80.019	19.994	99.907	8.317	955.045	0.997	899.619
389.000	453.434	80.019	19.995	99.937	8.645	927.495	0.968	899.597
389.500	453.979	80.016	19.993	99.815	8.985	898.872	1.049	899.576
390.000	454.437	80.016	19.994	99.755	9.338	869.083	1.003	899.597
390.500	454.926	80.020	19.994	99.755	9.704	838.147	0.946	899.596
391.000	455.453	80.020	19.995	99.822	10.082	806.203	1.016	899.600
391.500	455.951	80.014	19.994	99.898	10.469	773.332	1.025	899.557
392.000	456.500	80.017	19.994	100.139	10.867	739.570	1.047	899.575
392.500	456.961	80.016	19.996	100.355	11.275	704.956	1.011	899.595
393.000	457.479	80.016	19.995	100.520	11.688	669.865	0.980	899.596
393.500	457.981	80.018	19.993	100.613	12.105	634.358	1.019	899.561
394.000	458.518	80.015	19.993	100.707	12.526	598.597	1.038	899.558
394.500	459.032	80.017	19.993	100.817	12.945	562.979	1.050	899.547
395.000	459.557	80.019	19.996	100.919	13.361	527.686	1.039	899.512
395.500	460.048	80.015	19.993	101.017	13.771	492.899	1.016	899.530
396.000	460.577	80.020	19.995	101.123	14.175	458.615	1.021	899.539
396.500	461.093	80.021	19.994	101.230	14.567	425.406	1.045	899.490
397.000	461.612	80.020	19.994	101.327	14.951	392.985	1.034	899.546
397.500	462.106	80.020	19.993	101.410	15.321	361.720	1.012	899.533
398.000	462.644	80.021	19.993	101.494	15.676	331.749	1.032	899.462
398.500	463.167	80.018	19.994	101.575	16.014	303.272	1.062	899.528
399.000	463.692	80.020	19.993	101.647	16.336	276.332	1.049	899.514
399.500	464.207	80.016	19.994	101.730	16.644	250.763	1.039	899.485
400.000	464.722	80.016	19.992	101.805	16.932	226.853	1.029	899.451
400.500	465.239	80.017	19.994	101.882	17.202	204.690	1.032	899.449
401.000	465.733	80.015	19.992	101.964	17.454	184.135	1.011	899.498
401.500	466.260	80.019	19.993	102.054	17.686	165.304	1.021	899.467
402.000	466.802	80.015	19.992	102.127	17.902	147.924	1.068	899.438
402.500	467.335	80.019	19.994	102.205	18.100	132.070	1.074	899.445
403.000	467.842	80.019	19.993	102.272	18.280	117.811	1.040	899.440
403.500	468.356	80.019	19.993	102.336	18.444	104.811	1.021	899.415
404.000	468.859	80.019	19.994	102.390	18.593	93.165	1.017	899.401
404.500	469.391	80.018	19.994	102.435	18.727	82.746	1.035	899.460
405.000	469.914	80.017	19.993	102.468	18.849	73.355	1.055	899.399
405.500	470.431	80.015	19.994	102.492	18.957	65.156	1.040	899.399
406.000	470.918	80.017	19.994	102.507	19.053	57.933	1.004	899.416
406.500	471.434	80.020	19.992	102.510	19.139	51.513	1.002	899.376
407.000	471.974	80.016	19.995	102.501	19.218	45.692	1.055	899.388
407.500	472.461	80.021	19.994	102.480	19.283	40.975	1.028	899.405
408.000	472.987	80.016	19.996	102.453	19.342	36.678	1.015	899.346
408.500	473.482	80.017	19.995	102.413	19.393	33.043	1.021	899.396
409.000	474.023	80.019	19.993	102.368	19.441	29.540	1.035	899.352
409.500	474.524	80.018	19.994	102.316	19.481	26.627	1.042	899.357
410.000	475.022	80.019	19.993	102.262	19.518	24.044	0.999	899.327
410.500	475.522	80.019	19.994	102.201	19.547	22.057	0.997	899.377
411.000	476.019	80.017	19.993	102.133	19.575	20.040	0.996	899.315
411.500	476.548	80.016	19.993	102.055	19.599	18.272	1.026	899.343
412.000	477.049	80.017	19.995	101.972	19.621	16.647	1.032	899.333
412.500	477.542	80.022	19.993	101.879	19.640	15.230	0.995	899.312
413.000	478.070	80.020	19.992	101.783	19.655	14.008	1.020	899.330
413.500	478.579	80.019	19.994	101.684	19.671	12.674	1.037	899.277
414.000	479.041	80.017	19.995	101.587	19.683	11.675	0.972	899.336
414.500	479.558	80.019	19.991	101.490	19.696	10.664	0.979	899.301
415.000	480.086	80.017	19.995	101.394	19.704	10.028	1.044	899.280
415.500	480.571	80.018	19.994	101.298	19.714	9.253	1.013	899.309
416.000	481.086	80.016	19.994	101.207	19.721	8.733	1.000	899.284
416.500	481.587	80.016	19.995	101.122	19.730	8.058	1.016	899.263
417.000	482.082	80.020	19.993	101.040	19.738	7.441	0.996	899.279
417.500	482.569	80.018	19.995	100.960	19.742	6.989	0.981	899.316
418.000	483.090	80.019	19.994	100.888	19.747	6.459	1.007	899.245
418.500	483.611	80.017	19.994	100.814	19.753	5.806	1.043	899.277
419.000	484.084	80.019	19.995	100.745	19.757	5.357	0.995	899.256
419.500	484.568	80.017	19.994	100.681	19.761	4.922	0.956	899.257
420.000	485.071	80.019	19.995	100.624	19.765	4.500	0.987	899.269
420.500	485.580	80.019	19.993	100.570	19.767	4.305	1.012	899.259
421.000	486.103	80.020	19.994	100.527	19.772	3.917	1.032	899.205
421.500	486.586	80.020	19.995	100.484	19.774	3.677	1.005	899.225
422.000	487.069	80.021	19.994	100.448	19.777	3.466	0.966	899.218
422.500	487.575	80.020	19.994	100.412	19.780	3.194	0.989	899.209
423.000	488.077	80.021	19.994	100.381	19.782	2.967	1.009	899.209
423.500	488.547	80.019	19.993	100.354	19.785	2.759	0.972	899.187
424.000	489.072	80.021	19.994	100.334	19.787	2.578	0.994	899.187
424.500	489.542	80.018	19.992	100.317	19.790	2.237	0.996	899.188
425.000	490.050	80.017	19.995	100.310	19.790	2.181	0.979	899.168
425.500	490.568	80.017	19.994	100.307	19.795	1.780	1.026	899.175
426.000	491.064	80.020	19.994	100.305	19.794	1.785	1.013	899.164
426.500	491.562	80.020	19.995	100.304	19.796	1.598	0.993	899.167
427.000	492.073	80.017	19.994	100.297	19.799	1.386	1.009	899.153
427.500	492.562	80.012	19.994	100.290	19.802	1.108	1.000	899.136
428.000	493.056	80.016	19.995	100.282	19.801	1.264	0.983	899.153
428.500	493.547	80.019	19.994	100.274	19.801	1.249	0.986	899.119
429.000	494.035	80.019	19.995	100.267	19.802	1.271	0.979	899.158
429.500	494.547	80.020	19.995	100.272	19.805	1.021	1.000	899.153
430.000	495.049	80.017	19.993	100.278	19.804	1.067	1.014	899.136
430.500	495.522	80.015	19.993	100.286	19.805	1.095	0.975	899.130
431.000	496.043	80.019	19.993	100.294	19.808	0.852	0.993	899.109
431.500	496.540	80.017	19.993	100.301	19.807	0.902	1.018	899.119
432.000	497.021	80.018	19.993	100.305	19.809	0.702	0.978	899.106
432.500	497.528	80.020	19.992	100.305	19.809	0.696	0.988	899.080
433.000	498.005	80.020	19.994	100.306	19.810	0.631	0.984	899.098
433.500	498.541	80.022	19.992	100.306	19.809	0.590	1.013	899.103
434.000	499.033	80.016	19.993	100.306	19.810	0.408	1.029	899.116
434.500	499.533	80.016	19.994	100.305	19.813	0.182	0.993	899.045
435.000	500.018	80.020	19.995	100.306	19.814	0.138	0.985	899.106
435.500	500.511	80.018	19.993	100.306	19.814	0.130	0.978	899.097
436.000	501.033	80.022	19.993	100.308	19.815	-0.003	1.014	899.082
436.500	501.521	80.017	19.993	100.309	19.816	-0.028	1.009	899.054
437.000	502.025	80.018	19.995	100.310	19.817	-0.072	0.993	899.041
437.500	502.520	80.017	19.992	100.313	19.817	-0.053	1.000	899.064
438.000	503.004	80.014	19.994	100.315	19.818	-0.191	0.979	899.059
438.500	503.484	80.020	19.992	100.319	19.816	0.029	0.964	899.017
439.000	503.968	80.018	19.995	100.319	19.818	-0.192	0.964	899.057
439.500	504.473	80.017	19.995	100.318	19.820	-0.293	0.989	899.038
440.000	504.981	80.019	19.995	100.315	19.819	-0.262	1.012	899.030
440.500	505.478	80.015	19.994	100.312	19.821	-0.409	1.005	899.035
441.000	505.977	80.020	19.993	100.307	19.821	-0.427	0.996	899.022
441.500	506.496	80.020	19.994	100.307	19.822	-0.450	1.017	899.031
442.000	506.979	80.015	19.994	100.307	19.822	-0.482	1.002	898.990
442.500	507.483	80.034	20.001	100.307	19.823	-0.553	0.987	899.047
443.000	507.994	80.020	19.993	100.301	19.823	-0.593	1.015	898.995
443.500	508.470	80.023	19.995	100.302	19.823	-0.583	0.988	899.030
444.000	508.985	80.018	19.995	100.301	19.824	-0.607	0.992	898.976
444.500	509.494	80.020	19.991	100.303	19.824	-0.620	1.025	898.993
445.000	509.980	80.016	19.995	100.304	19.826	-0.800	0.995	899.010
445.500	510.484	80.018	19.993	100.309	19.827	-0.842	0.989	898.960
446.000	510.995	80.015	19.994	100.311	19.826	-0.821	1.014	898.980
446.500	511.466	80.018	19.991	100.315	19.826	-0.815	0.981	898.961
447.000	511.983	80.022	19.996	100.314	19.827	-0.900	0.988	898.954
447.500	512.503	80.018	19.992	100.312	19.826	-0.859	1.038	898.926
448.000	512.979	80.024	19.994	100.314	19.828	-0.968	0.996	898.938
448.500	513.471	80.017	19.994	100.313	19.826	-0.837	0.967	898.928
449.000	513.986	80.018	19.995	100.308	19.828	-0.934	1.008	898.954
449.500	514.496	80.018	19.994	100.307	19.828	-0.996	1.025	898.950
450.000	514.993	80.018	19.995	100.308	19.830	-1.123	1.006	898.893
450.500	515.484	80.018	19.994	100.309	19.830	-1.120	0.988	898.916
451.000	515.995	80.024	19.995	100.309	19.829	-1.071	1.002	898.926
451.500	516.492	80.019	19.994	100.309	19.832	-1.280	1.009	898.880
452.000	516.969	80.021	19.995	100.308	19.830	-1.161	0.974	898.915
452.500	517.478	80.020	19.996	100.308	19.831	-1.234	0.985	898.933
453.000	517.954	80.021	19.995	100.307	19.830	-1.156	0.985	898.922
453.500	518.474	80.023	19.994	100.306	19.830	-1.165	0.996	898.904
454.000	518.978	80.019	19.993	100.306	19.832	-1.355	1.024	898.873
454.500	519.479	80.017	19.995	100.307	19.832	-1.292	1.006	898.876
455.000	519.978	80.018	19.995	100.307	19.832	-1.363	1.000	898.894
455.500	520.503	80.019	19.993	100.305	19.833	-1.392	1.024	898.915
456.000	520.981	80.017	19.994	100.306	19.832	-1.301	1.002	898.866
456.500	521.486	80.020	19.994	100.306	19.833	-1.394	0.983	898.855
457.000	521.977	80.020	19.993	100.305	19.832	-1.238	0.997	898.873
457.500	522.471	80.022	19.993	100.304	19.833	-1.330	0.985	898.868
458.000	522.966	80.022	19.993	100.305	19.833	-1.347	0.990	898.834
458.500	523.466	80.017	19.995	100.305	19.833	-1.385	0.996	898.849
459.000	524.004	80.022	19.993	100.305	19.832	-1.311	1.037	898.853
459.500	524.466	80.021	19.994	100.306	19.832	-1.290	1.000	898.857
460.000	524.969	80.019	19.996	100.307	19.832	-1.367	0.966	898.855
460.500	525.485	80.017	19.995	100.305	19.832	-1.325	1.019	898.817
461.000	525.970	80.018	19.994	100.305	19.833	-1.387	1.001	898.823
461.500	526.497	80.019	19.995	100.304	19.834	-1.394	1.011	898.829
462.000	526.989	80.021	19.994	100.304	19.833	-1.285	1.017	898.845
462.500	527.484	80.020	19.994	100.303	19.834	-1.324	0.986	898.805
463.000	527.987	80.023	19.994	100.304	19.835	-1.402	0.998	898.797
463.500	528.471	80.022	19.994	100.305	19.834	-1.360	0.988	898.816
464.000	528.983	80.017	19.995	100.305	19.833	-1.314	0.996	898.806
464.500	529.440	80.021	19.993	100.304	19.834	-1.369	0.969	898.799
465.000	529.971	80.020	19.994	100.304	19.834	-1.439	0.989	898.777
465.500	530.494	80.021	19.993	100.304	19.835	-1.486	1.054	898.802
466.000	530.984	80.019	19.994	100.304	19.834	-1.480	1.012	898.812
466.500	531.452	80.019	19.993	100.305	19.835	-1.562	0.958	898.797
467.000	531.956	80.018	19.995	100.306	19.835	-1.533	0.973	898.783
467.500	532.459	80.019	19.994	100.306	19.836	-1.653	1.006	898.778
468.000	532.972	80.018	19.995	100.303	19.836	-1.655	1.016	898.795
468.500	533.460	80.018	19.994	100.303	19.835	-1.546	1.001	898.770
469.000	533.962	80.015	19.995	100.302	19.835	-1.562	0.991	898.784
469.500	534.460	80.017	19.996	100.301	19.835	-1.563	1.001	898.737
470.000	534.932	80.019	19.993	100.301	19.835	-1.532	0.970	898.753
470.500	535.453	80.018	19.994	100.304	19.836	-1.621	0.993	898.751
471.000	535.922	80.018	19.992	100.304	19.835	-1.512	0.989	898.751
471.500	536.457	80.020	19.994	100.305	19.835	-1.508	1.004	898.724
472.000	536.945	80.016	19.995	100.306	19.835	-1.510	1.023	898.769
472.500	537.416	80.018	19.994	100.306	19.834	-1.352	0.959	898.746
473.000	537.958	80.018	19.994	100.305	19.835	-1.428	1.013	898.748
473.500	538.449	80.019	19.993	100.301	19.834	-1.221	1.033	898.742
474.000	538.943	80.018	19.995	100.298	19.834	-1.266	0.984	898.744
474.500	539.478	80.019	19.993	100.294	19.835	-1.328	1.029	898.717
475.000	539.925	80.018	19.993	100.295	19.834	-1.239	0.982	898.715
475.500	540.438	80.018	19.994	100.292	19.834	-1.344	0.960	898.704
476.000	540.958	80.016	19.993	100.296	19.833	-1.401	1.033	898.685
476.500	541.463	80.015	19.993	100.299	19.834	-1.490	1.025	898.725
477.000	541.947	80.019	19.993	100.301	19.834	-1.529	0.990	898.715
477.500	542.445	80.020	19.994	100.300	19.835	-1.554	0.982	898.710
478.000	542.956	80.022	19.994	100.303	19.835	-1.647	1.010	898.698
478.500	543.431	80.018	19.993	100.303	19.835	-1.600	0.986	898.670
479.000	543.959	80.019	19.995	100.303	19.834	-1.517	1.003	898.687
479.500	544.453	80.017	19.994	100.305	19.834	-1.486	1.022	898.692
480.000	544.973	80.018	19.996	100.305	19.835	-1.545	1.013	898.691
480.500	545.459	80.021	19.995	100.304	19.835	-1.563	1.005	898.692
481.000	545.962	80.019	19.993	100.304	19.835	-1.529	0.990	898.638
481.500	546.464	80.016	19.994	100.305	19.835	-1.503	1.005	898.686
482.000	546.955	80.018	19.995	100.305	19.835	-1.522	0.993	898.691
482.500	547.470	80.018	19.993	100.303	19.836	-1.549	1.006	898.667
483.000	547.962	80.017	19.996	100.304	19.835	-1.481	1.008	898.669
483.500	548.442	80.018	19.994	100.302	19.835	-1.428	0.972	898.677
484.000	548.934	80.016	19.994	100.301	19.835	-1.470	0.970	898.650
484.500	549.468	80.018	19.995	100.301	19.835	-1.538	1.027	898.629
485.000	549.983	80.017	19.994	100.296	19.835	-1.488	1.050	898.643
485.500	550.469	80.018	19.995	100.290	19.835	-1.500	1.000	898.632
486.000	550.958	80.018	19.994	100.287	19.835	-1.471	0.973	898.653
486.500	551.471	80.015	19.993	100.287	19.836	-1.426	1.003	898.670
487.000	551.963	80.015	19.995	100.288	19.836	-1.417	1.006	898.634
487.500	552.460	80.023	19.993	100.294	19.836	-1.321	0.988	898.624
488.000	552.970	80.018	19.995	100.300	19.836	-1.302	1.007	898.643
488.500	553.461	80.019	19.996	100.306	19.836	-1.321	1.001	898.637
489.000	553.946	80.024	19.994	100.305	19.834	-1.115	0.976	898.608
489.500	554.439	80.017	19.995	100.306	19.836	-1.341	0.978	898.622
490.000	554.954	80.020	19.994	100.306	19.836	-1.344	1.009	898.625
490.500	555.465	80.021	19.994	100.306	19.836	-1.427	1.025	898.609
491.000	555.959	80.020	19.994	100.305	19.836	-1.409	1.004	898.596
491.500	556.448	80.020	19.994	100.304	19.836	-1.385	0.984	898.636
492.000	556.944	80.018	19.993	100.304	19.835	-1.402	0.985	898.594
492.500	557.440	80.019	19.994	100.306	19.836	-1.502	0.992	898.600
493.000	557.952	80.015	19.993	100.306	19.836	-1.546	1.009	898.560
493.500	558.449	80.019	19.992	100.302	19.837	-1.602	1.009	898.574
494.000	558.918	80.019	19.994	100.300	19.837	-1.659	0.965	898.587
494.500	559.417	80.018	19.993	100.299	19.839	-1.790	0.967	898.592
495.000	559.953	80.019	19.994	100.297	19.837	-1.670	1.035	898.544
495.500	560.473	80.018	19.995	100.296	19.835	-1.518	1.057	898.569
496.000	560.938	80.019	19.994	100.298	19.837	-1.622	0.986	898.568
496.500	561.429	80.017	19.994	100.300	19.837	-1.566	0.955	898.550
497.000	561.965	80.020	19.996	100.300	19.837	-1.605	1.026	898.571
497.500	562.461	80.015	19.993	100.301	19.838	-1.635	1.032	898.546
498.000	562.945	80.019	19.994	100.297	19.838	-1.523	0.981	898.539
498.500	563.457	80.019	19.994	100.296	19.836	-1.368	0.996	898.571
499.000	563.971	80.019	19.993	100.291	19.836	-1.408	1.025	898.527
499.500	564.438	80.023	19.993	100.288	19.837	-1.586	0.981	898.551
500.000	564.960	80.020	19.994	100.281	19.836	-1.503	0.989	898.544
500.500	565.444	80.019	19.994	100.284	19.837	-1.549	1.006	898.538
501.000	565.951	80.018	19.994	100.282	19.838	-1.548	0.992	898.514
501.500	566.453	80.021	19.994	100.282	19.837	-1.393	1.009	898.546
502.000	566.930	80.019	19.993	100.281	19.837	-1.344	0.978	898.527
502.500	567.438	80.020	19.993	100.287	19.837	-1.293	0.985	898.522
503.000	567.951	80.021	19.995	100.286	19.836	-1.297	1.021	898.519
503.500	568.450	80.023	19.993	100.287	19.837	-1.370	1.013	898.525
504.000	568.924	80.017	19.994	100.290	19.837	-1.357	0.972	898.501
504.500	569.433	80.017	19.993	100.294	19.835	-1.268	0.982	898.528
505.000	569.930	80.017	19.994	100.297	19.837	-1.389	1.006	898.513
505.500	570.429	80.019	19.994	100.299	19.837	-1.346	0.997	898.494
506.000	570.914	80.017	19.993	100.300	19.836	-1.251	0.984	898.495
506.500	571.444	80.021	19.994	100.299	19.834	-1.058	1.015	898.498
507.000	571.935	80.018	19.994	100.297	19.837	-1.275	1.022	898.489
507.500	572.462	80.017	19.993	100.297	19.837	-1.335	1.017	898.540
508.000	572.930	80.022	19.993	100.298	19.835	-1.120	0.994	898.491
508.500	573.451	80.018	19.995	100.296	19.838	-1.342	0.989	898.511
509.000	573.943	80.018	19.994	100.295	19.839	-1.392	1.013	898.503
509.500	574.449	80.019	19.994	100.293	19.840	-1.401	0.998	898.510
510.000	574.949	80.020	19.993	100.288	19.836	-1.127	1.007	898.506
510.500	575.431	80.023	19.992	100.284	19.837	-1.194	0.983	898.484
511.000	575.935	80.015	19.995	100.286	19.838	-1.298	0.985	898.483
511.500	576.413	80.020	19.993	100.289	19.837	-1.297	0.982	898.489
512.000	576.908	80.018	19.993	100.293	19.838	-1.412	0.974	898.457
512.500	577.430	80.017	19.992	100.293	19.837	-1.335	1.017	898.489
513.000	577.906	80.020	19.993	100.291	19.838	-1.436	0.998	898.467
513.500	578.425	80.024	19.994	100.285	19.838	-1.432	0.994	898.487
514.000	578.894	80.019	19.994	100.280	19.839	-1.477	0.988	898.463
514.500	579.418	80.017	19.993	100.275	19.839	-1.538	0.993	898.479
515.000	579.907	80.018	19.994	100.277	19.840	-1.546	1.014	898.463
515.500	580.402	80.017	19.994	100.280	19.839	-1.493	0.985	898.488
516.000	580.927	80.019	19.992	100.282	19.837	-1.301	1.020	898.488
516.500	581.398	80.015	19.993	100.285	19.838	-1.248	0.996	898.458
517.000	581.923	80.019	19.994	100.285	19.838	-1.209	0.996	898.493
517.500	582.426	80.018	19.995	100.283	19.838	-1.169	1.028	898.450
518.000	582.912	80.019	19.993	100.279	19.838	-1.191	0.988	898.462
518.500	583.432	80.016	19.995	100.279	19.839	-1.292	1.005	898.451
519.000	583.906	80.019	19.994	100.277	19.840	-1.399	0.994	898.469
519.500	584.421	80.018	19.995	100.275	19.839	-1.319	0.989	898.463
520.000	584.928	80.019	19.993	100.275	19.840	-1.416	1.022	898.460
520.500	585.413	80.017	19.994	100.275	19.840	-1.432	0.992	898.435
521.000	585.922	80.019	19.994	100.272	19.839	-1.329	0.994	898.443
521.500	586.378	80.017	19.994	100.271	19.840	-1.408	0.965	898.458
522.000	586.901	80.017	19.993	100.268	19.839	-1.339	0.979	898.460
522.500	587.427	80.016	19.993	100.266	19.838	-1.207	1.048	898.428
523.000	587.932	80.019	19.993	100.268	19.839	-1.336	1.031	898.436
523.500	588.403	80.020	19.994	100.274	19.839	-1.362	0.976	898.397
524.000	588.902	80.017	19.994	100.276	19.838	-1.231	0.970	898.439
524.500	589.389	80.015	19.995	100.281	19.839	-1.351	0.986	898.441
525.000	589.907	80.019	19.993	100.279	19.839	-1.302	1.005	898.444
525.500	590.413	80.015	19.996	100.279	19.839	-1.326	1.025	898.448
526.000	590.911	80.016	19.994	100.279	19.841	-1.561	1.005	898.411
526.500	591.394	80.019	19.994	100.279	19.839	-1.370	0.980	898.407
527.000	591.924	80.017	19.993	100.278	19.840	-1.437	1.012	898.425
527.500	592.413	80.022	19.994	100.280	19.840	-1.414	1.019	898.406
528.000	592.883	80.020	19.994	100.276	19.840	-1.410	0.959	898.422
528.500	593.412	80.018	19.994	100.272	19.839	-1.335	0.999	898.431
529.000	593.916	80.018	19.995	100.268	19.840	-1.343	1.034	898.454
529.500	594.400	80.019	19.994	100.264	19.841	-1.433	0.989	898.419
530.000	594.891	80.019	19.995	100.264	19.839	-1.265	0.975	898.383
530.500	595.402	80.021	19.993	100.265	19.839	-1.295	1.002	898.422
531.000	595.932	80.015	19.995	100.264	19.838	-1.279	1.041	898.435
531.500	596.412	80.021	19.993	100.267	19.838	-1.299	1.009	898.444
532.000	596.898	80.019	19.994	100.269	19.838	-1.276	0.966	898.412
532.500	597.371	80.018	19.994	100.268	19.838	-1.255	0.960	898.428
533.000	597.890	80.020	19.993	100.268	19.836	-1.101	0.992	898.415
533.500	598.388	80.017	19.994	100.269	19.838	-1.279	1.016	898.427
534.000	598.895	80.021	19.994	100.268	19.837	-1.241	1.005	898.415
534.500	599.400	80.018	19.994	100.267	19.838	-1.275	1.013	898.425
535.000	599.915	80.015	19.994	100.270	19.839	-1.370	1.020	898.411
535.500	600.397	80.018	19.994	100.269	19.838	-1.282	0.996	898.438
536.000	600.895	80.022	19.992	100.268	19.839	-1.332	0.980	898.392
536.500	601.391	80.020	19.994	100.268	19.838	-1.216	0.994	898.405
537.000	601.916	80.019	19.993	100.267	19.839	-1.328	1.022	898.408
537.500	602.402	80.017	19.995	100.268	19.839	-1.363	1.011	898.412
538.000	602.905	80.022	19.993	100.268	19.838	-1.285	0.989	898.402
538.500	603.407	80.022	19.993	100.271	19.839	-1.339	1.005	898.423
539.000	603.893	80.021	19.994	100.270	19.840	-1.399	0.987	898.409
539.500	604.393	80.020	19.993	100.269	19.838	-1.258	0.986	898.384
540.000	604.897	80.018	19.994	100.265	19.841	-1.456	1.004	898.399
540.500	605.410	80.019	19.992	100.265	19.840	-1.387	1.017	898.411
541.000	605.912	80.021	19.991	100.262	19.840	-1.370	1.015	898.435
541.500	606.379	80.017	19.993	100.265	19.840	-1.399	0.969	898.413
542.000	606.877	80.018	19.995	100.266	19.840	-1.352	0.965	898.402
542.500	607.380	80.020	19.994	100.268	19.839	-1.280	1.002	898.421
543.000	607.900	80.019	19.993	100.267	19.839	-1.286	1.024	898.450
543.500	608.387	80.020	19.994	100.269	19.839	-1.329	1.007	898.417
544.000	608.870	80.021	19.993	100.268	19.839	-1.293	0.969	898.401
544.500	609.416	80.019	19.992	100.269	19.841	-1.524	1.029	898.402
545.000	609.899	80.020	19.994	100.269	19.840	-1.408	1.030	898.384
545.500	610.418	80.020	19.994	100.270	19.839	-1.336	1.002	898.398
546.000	610.929	80.018	19.992	100.270	19.841	-1.458	1.029	898.394
546.500	611.405	80.016	19.994	100.273	19.840	-1.401	0.988	898.400
547.000	611.908	80.018	19.994	100.271	19.840	-1.370	0.980	898.355
547.500	612.409	80.018	19.994	100.270	19.839	-1.318	1.004	898.374
548.000	612.917	80.018	19.993	100.269	19.839	-1.294	1.008	898.404
548.500	613.400	80.019	19.994	100.268	19.840	-1.405	0.989	898.376
549.000	613.898	80.017	19.993	100.265	19.841	-1.424	0.981	898.397
549.500	614.410	80.018	19.994	100.268	19.841	-1.517	1.011	898.457
550.000	614.920	80.020	19.993	100.268	19.841	-1.502	1.022	898.379
550.500	615.400	80.017	19.994	100.268	19.840	-1.421	0.990	898.425
551.000	615.912	80.015	19.994	100.267	19.842	-1.545	0.993	898.411
551.500	616.409	80.015	19.994	100.268	19.840	-1.391	1.010	898.409
552.000	616.908	80.020	19.995	100.266	19.840	-1.341	0.996	898.382
552.500	617.408	80.023	19.993	100.265	19.840	-1.299	0.999	898.425
553.000	617.916	80.018	19.994	100.265	19.841	-1.433	1.007	898.384
553.500	618.408	80.016	19.994	100.266	19.841	-1.494	0.998	898.397
554.000	618.913	80.020	19.994	100.264	19.840	-1.356	0.997	898.380
554.500	619.387	80.019	19.994	100.265	19.841	-1.468	0.980	898.398
555.000	619.926	80.018	19.994	100.266	19.841	-1.439	1.013	898.416
555.500	620.385	80.020	19.993	100.266	19.840	-1.469	0.998	898.414
556.000	620.912	80.018	19.994	100.266	19.839	-1.399	0.986	898.388
556.500	621.412	80.021	19.994	100.267	19.841	-1.556	1.028	898.410
557.000	621.914	80.021	19.994	100.266	19.842	-1.645	1.002	898.429
557.500	622.430	80.018	19.995	100.265	19.842	-1.785	1.017	898.414
558.000	622.890	80.019	19.994	100.266	19.843	-1.811	0.976	898.389
558.500	623.400	80.021	19.993	100.266	19.843	-1.827	0.970	898.406
559.000	623.923	80.017	19.995	100.264	19.842	-1.742	1.034	898.403
559.500	624.418	80.016	19.993	100.264	19.842	-1.709	1.018	898.392
560.000	624.904	80.018	19.993	100.265	19.843	-1.788	0.981	898.434
560.500	625.371	80.019	19.994	100.264	19.842	-1.617	0.954	898.413
561.000	625.908	80.022	19.995	100.265	19.842	-1.571	1.004	898.408
561.500	626.403	80.014	19.995	100.267	19.841	-1.493	1.031	898.422
562.000	626.922	80.017	19.996	100.269	19.841	-1.468	1.014	898.413
562.500	627.405	80.020	19.995	100.267	19.841	-1.461	1.003	898.399
563.000	627.900	80.015	19.995	100.266	19.838	-1.287	0.979	898.396
563.500	628.394	80.019	19.994	100.265	19.842	-1.600	0.989	898.424
564.000	628.892	80.018	19.993	100.264	19.840	-1.444	0.991	898.405
564.500	629.403	80.018	19.994	100.262	19.840	-1.506	1.007	898.382
565.000	629.879	80.016	19.995	100.262	19.840	-1.464	0.988	898.401
565.500	630.396	80.016	19.994	100.262	19.841	-1.546	0.994	898.363
566.000	630.910	80.022	19.994	100.264	19.841	-1.517	1.031	898.391
566.500	631.419	80.018	19.993	100.264	19.842	-1.592	1.023	898.394
567.000	631.910	80.021	19.994	100.264	19.842	-1.581	1.000	898.419
567.500	632.387	80.019	19.992	100.267	19.841	-1.506	0.968	898.394
568.000	632.908	80.017	19.994	100.272	19.841	-1.532	0.998	898.393
568.500	633.406	80.019	19.994	100.272	19.842	-1.584	1.018	898.375
569.000	633.906	80.019	19.994	100.274	19.840	-1.432	0.998	898.427
569.500	634.413	80.021	19.993	100.275	19.843	-1.631	1.007	898.424
570.000	634.921	80.020	19.993	100.278	19.842	-1.565	1.015	898.403
570.500	635.413	80.019	19.993	100.276	19.841	-1.493	1.001	898.387
571.000	635.905	80.020	19.995	100.276	19.842	-1.529	0.983	898.443
571.500	636.428	80.019	19.993	100.276	19.841	-1.477	1.014	898.417
572.000	636.931	80.020	19.993	100.275	19.840	-1.343	1.026	898.411
572.500	637.431	80.015	19.992	100.269	19.840	-1.337	1.003	898.409
573.000	637.898	80.018	19.993	100.268	19.840	-1.339	0.967	898.408
573.500	638.412	80.018	19.993	100.266	19.841	-1.472	0.980	898.423
574.000	638.931	80.022	19.993	100.264	19.840	-1.365	1.033	898.398
574.500	639.409	80.020	19.993	100.265	19.839	-1.295	0.997	898.383
575.000	639.910	80.022	19.993	100.266	19.839	-1.296	0.979	898.402
575.500	640.409	80.018	19.994	100.268	19.839	-1.311	1.001	898.394
576.000	640.921	80.018	19.995	100.270	19.841	-1.439	1.011	898.415
576.500	641.427	80.018	19.993	100.271	19.841	-1.441	1.018	898.437
577.000	641.921	80.017	19.994	100.272	19.840	-1.366	1.001	898.387
577.500	642.420	80.016	19.992	100.273	19.840	-1.343	0.993	898.411
578.000	642.926	80.017	19.994	100.270	19.841	-1.405	1.004	898.415
578.500	643.453	80.019	19.994	100.269	19.840	-1.324	1.032	898.434
579.000	643.928	80.019	19.994	100.269	19.841	-1.447	1.002	898.407
579.500	644.452	80.020	19.992	100.267	19.840	-1.357	1.001	898.425
580.000	644.904	80.018	19.992	100.267	19.840	-1.317	0.977	898.426
580.500	645.411	80.020	19.993	100.266	19.840	-1.363	0.958	898.450
581.000	645.931	80.020	19.993	100.267	19.840	-1.378	1.026	898.416
581.500	646.425	80.020	19.992	100.266	19.840	-1.284	1.015	898.434
582.000	646.938	80.018	19.994	100.267	19.840	-1.312	1.008	898.401
582.500	647.447	80.018	19.993	100.266	19.841	-1.382	1.022	898.449
583.000	647.924	80.019	19.994	100.266	19.840	-1.290	0.986	898.427
583.500	648.455	80.019	19.993	100.265	19.841	-1.392	1.008	898.462
584.000	648.947	80.018	19.993	100.265	19.842	-1.481	1.022	898.437
584.500	649.413	80.019	19.993	100.265	19.841	-1.428	0.957	898.424
585.000	649.963	80.020	19.994	100.265	19.841	-1.402	1.017	898.422
585.500	650.464	80.018	19.994	100.265	19.841	-1.454	1.051	898.430
586.000	650.978	80.021	19.994	100.266	19.839	-1.222	1.014	898.439
586.500	651.450	80.019	19.993	100.265	19.838	-1.103	0.986	898.444
587.000	651.967	80.020	19.993	100.266	19.840	-1.272	0.990	898.439
587.500	652.445	80.017	19.993	100.266	19.839	-1.192	0.995	898.468
588.000	652.966	80.021	19.993	100.265	19.840	-1.336	0.999	898.466
588.500	653.442	80.015	19.994	100.265	19.839	-1.180	0.997	898.423
589.000	653.935	80.014	19.995	100.266	19.840	-1.348	0.969	898.463
589.500	654.440	80.018	19.993	100.264	19.839	-1.263	0.999	898.433
590.000	654.941	80.022	19.994	100.263	19.841	-1.440	1.006	898.443
590.500	655.481	80.016	19.993	100.264	19.839	-1.273	1.039	898.413
591.000	655.965	80.020	19.995	100.264	19.841	-1.383	1.024	898.465
591.500	656.455	80.015	19.994	100.262	19.841	-1.462	0.976	898.456
592.000	656.970	80.017	19.994	100.263	19.841	-1.435	1.006	898.443
592.500	657.496	80.019	19.994	100.263	19.841	-1.392	1.040	898.480
593.000	657.960	80.019	19.994	100.263	19.841	-1.391	0.988	898.493
593.500	658.470	80.018	19.995	100.262	19.840	-1.350	0.974	898.487
594.000	658.954	80.018	19.993	100.262	19.840	-1.352	0.995	898.463
594.500	659.457	80.016	19.995	100.262	19.840	-1.350	0.987	898.486
595.000	659.962	80.019	19.993	100.262	19.839	-1.281	1.008	898.485
595.500	660.469	80.017	19.994	100.262	19.842	-1.484	1.013	898.457
596.000	660.985	80.019	19.994	100.263	19.841	-1.410	1.025	898.469
596.500	661.506	80.021	19.993	100.264	19.840	-1.358	1.037	898.492
597.000	661.964	80.017	19.993	100.264	19.841	-1.427	0.978	898.505
597.500	662.505	80.018	19.994	100.264	19.840	-1.386	0.998	898.500
598.000	663.011	80.014	19.995	100.264	19.840	-1.341	1.046	898.466
598.500	663.497	80.016	19.996	100.262	19.840	-1.345	0.991	898.487
599.000	663.980	80.017	19.992	100.261	19.842	-1.472	0.970	898.465
599.500	664.475	80.019	19.995	100.261	19.841	-1.363	0.980	898.482
600.000	665.016	80.019	19.994	100.260	19.840	-1.365	1.035	898.500
600.500	665.495	80.020	19.994	100.260	19.842	-1.463	1.018	898.476
601.000	666.024	80.019	19.995	100.261	19.841	-1.444	1.008	898.476
601.500	666.507	80.017	19.994	100.262	19.840	-1.340	1.013	898.479
602.000	666.998	80.018	19.993	100.261	19.839	-1.257	0.974	898.484
602.500	667.484	80.018	19.993	100.262	19.840	-1.379	0.976	898.455
603.000	667.989	80.019	19.992	100.261	19.839	-1.245	0.992	898.492
603.500	668.496	80.019	19.994	100.263	19.841	-1.420	1.013	898.520
604.000	669.014	80.018	19.994	100.263	19.840	-1.362	1.024	898.528
604.500	669.537	80.022	19.995	100.263	19.840	-1.329	1.040	898.522
605.000	669.992	80.016	19.994	100.263	19.839	-1.269	0.977	898.509
605.500	670.511	80.017	19.992	100.263	19.840	-1.356	0.973	898.518
606.000	670.987	80.023	19.994	100.262	19.841	-1.387	0.995	898.520
606.500	671.524	80.018	19.995	100.262	19.841	-1.408	1.013	898.536
607.000	672.044	80.017	19.994	100.262	19.840	-1.365	1.056	898.523
607.500	672.531	80.020	19.991	100.263	19.842	-1.481	1.008	898.536
608.000	673.024	80.019	19.993	100.264	19.840	-1.341	0.981	898.549
608.500	673.517	80.018	19.994	100.264	19.840	-1.318	0.986	898.549
609.000	674.003	80.021	19.994	100.264	19.841	-1.395	0.979	898.535
609.500	674.524	80.022	19.993	100.264	19.842	-1.471	1.007	898.574
610.000	675.062	80.021	19.993	100.264	19.841	-1.441	1.059	898.567
610.500	675.524	80.021	19.994	100.264	19.841	-1.393	0.999	898.537
611.000	676.022	80.020	19.993	100.262	19.840	-1.370	0.959	898.555
611.500	676.527	80.021	19.995	100.262	19.841	-1.453	1.004	898.533
612.000	677.077	80.022	19.993	100.261	19.841	-1.442	1.056	898.542
612.500	677.524	80.023	19.993	100.262	19.842	-1.550	0.997	898.526
613.000	678.021	80.020	19.993	100.262	19.841	-1.454	0.944	898.572
613.500	678.515	80.021	19.992	100.264	19.842	-1.521	0.990	898.575
614.000	679.028	80.017	19.995	100.265	19.841	-1.445	1.006	898.543
614.500	679.526	80.020	19.994	100.266	19.842	-1.499	1.012	898.570
615.000	680.032	80.023	19.993	100.264	19.841	-1.421	1.003	898.586
615.500	680.535	80.018	19.994	100.263	19.842	-1.455	1.009	898.569
616.000	681.037	80.019	19.994	100.263	19.841	-1.419	1.006	898.571
616.500	681.547	80.018	19.993	100.261	19.842	-1.522	1.012	898.593
617.000	682.030	80.021	19.994	100.262	19.843	-1.630	0.992	898.599
617.500	682.537	80.017	19.993	100.263	19.842	-1.522	0.989	898.580
618.000	683.046	80.017	19.994	100.264	19.843	-1.617	1.016	898.577
618.500	683.546	80.020	19.993	100.263	19.842	-1.556	1.009	898.568
619.000	684.033	80.019	19.994	100.262	19.842	-1.523	0.986	898.595
619.500	684.556	80.018	19.994	100.263	19.842	-1.518	1.010	898.592
620.000	685.069	80.017	19.995	100.262	19.843	-1.566	1.037	898.613
620.500	685.555	80.017	19.995	100.262	19.841	-1.460	1.000	898.564
621.000	686.077	80.015	19.993	100.262	19.843	-1.599	1.008	898.637
621.500	686.561	80.020	19.993	100.263	19.841	-1.518	1.005	898.600
622.000	687.074	80.020	19.994	100.263	19.842	-1.577	0.996	898.573
622.500	687.578	80.018	19.995	100.262	19.843	-1.715	1.017	898.610
623.000	688.079	80.017	19.993	100.263	19.845	-1.817	1.005	898.624
623.500	688.598	80.022	19.994	100.262	19.844	-1.701	1.020	898.614
624.000	689.099	80.020	19.994	100.262	19.843	-1.642	1.019	898.598
624.500	689.590	80.020	19.995	100.261	19.843	-1.620	0.992	898.606
625.000	690.071	80.021	19.993	100.263	19.843	-1.640	0.973	898.617
625.500	690.609	80.018	19.994	100.262	19.844	-1.686	1.020	898.603
626.000	691.089	80.017	19.993	100.262	19.843	-1.603	1.018	898.606
626.500	691.620	80.019	19.994	100.262	19.845	-1.756	1.011	898.616
627.000	692.156	80.019	19.993	100.263	19.844	-1.710	1.066	898.644
627.500	692.602	80.020	19.995	100.260	19.843	-1.645	0.982	898.678
628.000	693.108	80.018	19.993	100.262	19.844	-1.692	0.953	898.647
628.500	693.608	80.017	19.992	100.262	19.843	-1.613	1.006	898.668
629.000	694.142	80.018	19.994	100.263	19.844	-1.648	1.034	898.607
629.500	694.636	80.017	19.995	100.264	19.845	-1.742	1.029	898.655
630.000	695.131	80.017	19.994	100.265	19.844	-1.611	0.988	898.636
630.500	695.648	80.019	19.994	100.266	19.843	-1.570	1.011	898.652
631.000	696.103	80.016	19.994	100.263	19.845	-1.720	0.972	898.654
631.500	696.641	80.018	19.996	100.262	19.843	-1.608	0.994	898.648
632.000	697.140	80.019	19.994	100.261	19.842	-1.480	1.039	898.648
632.500	697.636	80.018	19.993	100.262	19.843	-1.545	0.995	898.658
633.000	698.124	80.019	19.994	100.262	19.843	-1.540	0.984	898.624
633.500	698.589	80.015	19.993	100.266	19.845	-1.657	0.954	898.684
634.000	699.120	80.020	19.992	100.268	19.844	-1.587	0.996	898.672
634.500	699.635	80.017	19.994	100.269	19.844	-1.649	1.045	898.664
635.000	700.132	80.017	19.995	100.268	19.845	-1.752	1.012	898.666
635.500	700.648	80.018	19.994	100.267	19.844	-1.686	1.013	898.668
636.000	701.121	80.020	19.994	100.265	19.844	-1.706	0.989	898.670
636.500	701.644	80.017	19.993	100.263	19.846	-1.792	0.996	898.643
637.000	702.164	80.015	19.993	100.263	19.843	-1.602	1.042	898.676
637.500	702.652	80.017	19.993	100.263	19.843	-1.620	1.008	898.706
638.000	703.167	80.019	19.993	100.263	19.845	-1.727	1.003	898.677
638.500	703.660	80.019	19.994	100.264	19.844	-1.640	1.008	898.698
639.000	704.155	80.019	19.993	100.264	19.844	-1.562	0.988	898.715
639.500	704.625	80.022	19.995	100.265	19.842	-1.370	0.966	898.689
640.000	705.182	80.019	19.994	100.263	19.843	-1.372	1.028	898.714
640.500	705.660	80.019	19.992	100.262	19.843	-1.376	1.035	898.711
641.000	706.166	80.020	19.993	100.261	19.843	-1.368	0.983	898.708
641.500	706.661	80.017	19.992	100.261	19.841	-1.237	1.000	898.713
642.000	707.190	80.017	19.993	100.260	19.842	-1.404	1.024	898.734
642.500	707.664	80.019	19.994	100.261	19.841	-1.364	1.004	898.723
643.000	708.175	80.018	19.993	100.262	19.841	-1.391	0.986	898.704
643.500	708.649	80.018	19.994	100.260	19.841	-1.388	0.985	898.716
644.000	709.180	80.018	19.993	100.260	19.841	-1.471	1.004	898.726
644.500	709.665	80.018	19.995	100.258	19.841	-1.454	1.015	898.717
645.000	710.196	80.016	19.994	100.257	19.841	-1.480	1.017	898.740
645.500	710.683	80.017	19.993	100.256	19.841	-1.469	1.020	898.768
646.000	711.212	80.013	19.994	100.259	19.842	-1.536	1.016	898.750
646.500	711.717	80.022	19.994	100.258	19.842	-1.532	1.034	898.776
647.000	712.186	80.021	19.993	100.260	19.841	-1.431	0.973	898.740
647.500	712.691	80.021	19.994	100.261	19.840	-1.373	0.973	898.788
648.000	713.232	80.016	19.992	100.261	19.842	-1.497	1.046	898.760
648.500	713.690	80.017	19.993	100.261	19.841	-1.434	0.999	898.790
649.000	714.221	80.025	19.994	100.261	19.842	-1.467	0.989	898.767
649.500	714.704	80.022	19.992	100.262	19.843	-1.615	1.015	898.803
650.000	715.237	80.020	19.994	100.262	19.842	-1.527	1.016	898.811
650.500	715.720	80.019	19.993	100.263	19.843	-1.627	1.016	898.796
651.000	716.208	80.017	19.994	100.261	19.843	-1.617	0.970	898.770
651.500	716.721	80.020	19.995	100.254	19.844	-1.627	1.001	898.788
652.000	717.213	80.019	19.993	100.248	19.842	-1.482	1.005	898.787
652.500	717.713	80.019	19.995	100.248	19.844	-1.655	0.992	898.803
653.000	718.228	80.017	19.994	100.247	19.843	-1.559	1.015	898.791
653.500	718.747	80.017	19.995	100.246	19.844	-1.640	1.032	898.807
654.000	719.231	80.016	19.994	100.254	19.843	-1.525	1.004	898.787
654.500	719.708	80.016	19.995	100.258	19.843	-1.586	0.962	898.806
655.000	720.216	80.017	19.994	100.259	19.843	-1.559	0.985	898.783
655.500	720.723	80.019	19.993	100.260	19.844	-1.647	1.015	898.804
656.000	721.247	80.021	19.995	100.263	19.844	-1.643	1.031	898.772
656.500	721.724	80.020	19.994	100.265	19.843	-1.582	1.000	898.787
657.000	722.235	80.018	19.994	100.265	19.845	-1.699	0.988	898.780
657.500	722.737	80.020	19.993	100.265	19.842	-1.482	1.013	898.816
658.000	723.252	80.018	19.993	100.265	19.843	-1.582	1.016	898.842
658.500	723.768	80.019	19.995	100.264	19.844	-1.596	1.031	898.827
659.000	724.283	80.018	19.995	100.264	19.845	-1.754	1.031	898.861
659.500	724.761	80.016	19.996	100.262	19.845	-1.753	0.993	898.855
660.000	725.277	80.020	19.993	100.264	19.846	-1.813	0.995	898.846
660.500	725.791	80.019	19.994	100.263	19.844	-1.661	1.030	898.826
661.000	726.285	80.020	19.993	100.262	19.845	-1.697	1.006	898.817
661.500	726.765	80.019	19.992	100.262	19.844	-1.663	0.973	898.883
662.000	727.248	80.018	19.994	100.264	19.847	-1.856	0.962	898.868
662.500	727.780	80.018	19.993	100.263	19.843	-1.558	1.015	898.869
663.000	728.311	80.018	19.994	100.263	19.843	-1.508	1.064	898.839
663.500	728.819	80.022	19.994	100.261	19.843	-1.498	1.039	898.837
664.000	729.287	80.016	19.994	100.260	19.844	-1.594	0.976	898.896
664.500	729.817	80.018	19.995	100.259	19.845	-1.675	0.999	898.882
665.000	730.295	80.021	19.994	100.260	19.844	-1.612	1.009	898.864
665.500	730.813	80.020	19.994	100.258	19.843	-1.522	0.995	898.898
666.000	731.301	80.018	19.994	100.261	19.845	-1.713	1.005	898.885
666.500	731.825	80.021	19.994	100.262	19.843	-1.598	1.011	898.886
667.000	732.313	80.019	19.995	100.262	19.842	-1.554	1.012	898.877
667.500	732.831	80.018	19.994	100.261	19.845	-1.714	1.007	898.898
668.000	733.328	80.018	19.994	100.263	19.843	-1.515	1.015	898.878
668.500	733.824	80.019	19.993	100.261	19.843	-1.513	0.993	898.922
669.000	734.335	80.017	19.994	100.262	19.842	-1.299	1.008	898.917
669.500	734.834	80.017	19.993	100.260	19.843	-1.360	1.010	898.917
670.000	735.339	80.013	19.994	100.259	19.842	-1.256	1.002	898.879
670.500	735.848	80.015	19.993	100.259	19.843	-1.333	1.014	898.895
671.000	736.340	80.018	19.994	100.260	19.844	-1.412	1.002	898.924
671.500	736.858	80.021	19.993	100.260	19.844	-1.599	1.010	898.923
672.000	737.345	80.019	19.994	100.260	19.844	-1.600	1.004	898.943
672.500	737.885	80.020	19.993	100.261	19.842	-1.490	1.027	898.955
673.000	738.361	80.014	19.995	100.260	19.843	-1.579	1.016	898.967
673.500	738.866	80.015	19.994	100.259	19.843	-1.566	0.980	898.975
674.000	739.354	80.015	19.994	100.259	0.000	0.000	0.993	898.943
674.500	739.867	80.015	19.993	100.260	0.000	0.000	1.001	898.949
675.000	740.383	80.022	19.994	100.257	0.000	0.000	1.030	898.977
675.500	740.908	80.015	19.993	100.255	0.000	0.000	1.041	898.953
676.000	741.391	80.018	19.993	100.257	0.000	0.000	1.007	898.985
676.500	741.879	80.017	19.993	100.259	0.000	0.000	0.971	898.975
677.000	742.399	80.014	19.994	100.259	0.000	0.000	1.009	899.008
677.500	742.925	80.018	19.994	100.260	0.000	0.000	1.047	898.941
678.000	743.409	80.013	19.990	100.260	0.000	0.000	1.010	898.962
678.500	743.918	80.019	19.995	100.261	0.000	0.000	0.993	899.005
679.000	744.407	80.015	19.994	100.260	0.000	0.000	0.997	899.037
679.500	744.903	80.020	19.994	100.264	0.000	0.000	0.984	899.027
680.000	745.432	80.019	19.994	100.261	0.000	0.000	1.025	899.029
680.500	745.945	80.016	19.993	100.260	0.000	0.000	1.042	899.025
681.000	746.464	80.017	19.994	100.253	0.000	0.000	1.032	899.021
681.500	746.932	80.016	19.996	100.246	0.000	0.000	0.986	899.037
682.000	747.451	80.017	19.993	100.243	0.000	0.000	0.987	899.025
682.500	747.969	80.030	19.991	100.246	0.000	0.000	1.037	898.979
683.000	748.451	80.021	19.994	100.246	0.000	0.000	0.999	899.025
683.500	748.941	80.020	19.993	100.251	0.000	0.000	0.973	899.068
684.000	749.475	80.016	19.992	100.259	0.000	0.000	1.025	899.064
684.500	749.945	80.022	19.993	100.260	0.000	0.000	1.003	899.051
685.000	750.462	80.016	19.993	100.261	0.000	0.000	0.988	899.023
685.500	750.966	80.018	19.994	100.264	0.000	0.000	1.022	899.021
686.000	751.432	80.019	19.993	100.263	0.000	0.000	0.970	899.054
686.500	751.946	80.018	19.995	100.262	0.000	0.000	0.980	899.033
687.000	752.454	80.017	19.994	100.261	0.000	0.000	1.022	899.056
687.500	752.967	80.017	19.994	100.260	0.000	0.000	1.021	899.075
688.000	753.460	80.019	19.993	100.261	0.000	0.000	1.006	899.082
688.500	753.939	80.020	19.993	100.258	0.000	0.000	0.972	899.057
